STATIONS_ID;MESS_DATUM;QN_3;  FX;  FM;QN_4; RSK;RSKF; SDK;SHK_TAG;  NM; VPM;  PM; TMK; UPM; TXK; TNK; TGK;eor
       3126;20230910;   10;   4.7;   1.1;    9;   0.0;   0;   11.600;   0;   1.2;  16.9; 1007.30;   21.9;   68.00;   30.8;   13.3;   10.0;eor
       3126;20230911;   10;   7.3;   1.0;    9;   0.0;   0;   11.500;   0;   0.9;  17.1; 1003.80;   22.5;   67.00;   31.3;   14.2;   10.9;eor
       3126;20230912;   10;   8.3;   2.0;    9;  12.3;   6;    8.600;   0;   5.3;  18.4; 1002.70;   22.1;   71.00;   28.0;   16.6;   13.9;eor
       3126;20230913;   10;  19.3;   2.4;    9;   1.3;   6;    3.800;   0;   7.0;  18.0; 1004.70;   17.5;   89.00;   23.7;   11.6;    9.6;eor
       3126;20230914;   10;   5.0;   1.5;    9;   0.0;   0;   11.400;   0;   0.7;  11.4; 1012.70;   13.8;   75.00;   19.7;    8.9;    6.6;eor
       3126;20230915;   10;   8.1;   1.9;    9;   0.0;   0;   11.300;   0;   0.1;  12.6; 1010.80;   15.9;   72.00;   24.0;    7.7;    5.2;eor
       3126;20230916;   10;   5.7;   1.5;    9;   0.0;   6;   10.900;   0;   2.2;  14.5; 1006.40;   17.6;   75.00;   25.9;    9.6;    6.3;eor
       3126;20230917;   10;   6.9;   1.5;    9;   0.0;   0;    6.000;   0;   6.4;  16.3; 1004.70;   20.2;   71.00;   28.2;   12.8;   10.5;eor
       3126;20230918;   10;   9.8;   3.1;    9;   0.0;   6;    2.100;   0;   4.9;  17.7;  997.80;   20.8;   73.00;   25.8;   16.3;   13.2;eor
       3126;20230919;   10;  13.9;   4.5;    9;   0.0;   0;    7.900;   0;   3.6;  12.3; 1000.10;   17.9;   61.00;   21.0;   15.0;   11.3;eor
       3126;20230920;   10;  10.3;   3.3;    9;   0.0;   0;    8.200;   0;   5.0;  14.4;  999.70;   19.7;   63.00;   25.3;   14.7;   10.7;eor
       3126;20230921;   10;  15.5;   2.1;    9;   2.4;   6;    5.200;   0;   4.7;  15.7;  992.10;   20.3;   68.00;   28.3;   13.1;    9.7;eor
       3126;20230922;   10;   7.7;   2.7;    9;   0.0;   6;    1.200;   0;   6.1;  15.3;  993.30;   16.7;   81.00;   19.1;   13.3;    9.6;eor
       3126;20230923;   10;  11.9;   3.5;    9;   0.0;   0;    7.100;   0;   5.4;  11.9; 1003.80;   15.4;   69.00;   19.4;   11.4;    8.8;eor
       3126;20230924;   10;   4.5;   1.3;    9;   0.0;   0;    3.800;   0;   3.5;  12.4; 1016.00;   14.5;   77.00;   20.9;    9.5;    4.9;eor
       3126;20230925;   10;   7.2;   1.8;    9;   0.0;   0;    9.900;   0;   2.8;  11.7; 1015.70;   14.2;   75.00;   22.3;    7.9;    3.6;eor
       3126;20230926;   10;   4.7;   1.1;    9;   0.0;   0;   10.500;   0;   2.6;  13.6; 1012.30;   15.6;   79.00;   24.9;    7.2;    3.4;eor
       3126;20230927;   10;   5.7;   1.5;    9;   0.0;   0;    8.900;   0;   2.4;  16.1; 1009.90;   18.4;   78.00;   26.3;   11.2;    7.8;eor
       3126;20230928;   10;   4.8;   1.2;    9;   0.0;   0;    7.900;   0;   4.9;  16.8; 1007.10;   19.4;   77.00;   27.3;   13.1;    9.3;eor
       3126;20230929;   10;  13.9;   2.3;    9;   6.4;   6;    0.800;   0;   7.1;  17.2; 1007.10;   19.0;   79.00;   25.0;   14.3;   10.4;eor
       3126;20230930;   10;   7.0;   2.3;    9;   0.0;   0;    7.100;   0;   3.3;  13.1; 1015.00;   14.9;   78.00;   20.1;   11.3;    7.9;eor
       3126;20231001;   10;   7.0;   2.2;    9;   0.0;   0;    1.100;   0;   7.5;  13.4; 1013.50;   16.6;   71.00;   21.3;   13.3;   11.6;eor
       3126;20231002;   10;   5.0;   1.3;    9;   0.0;   0;    6.700;   0;   6.7;  16.6; 1009.80;   19.6;   74.00;   26.7;   14.0;    9.8;eor
       3126;20231003;   10;  14.4;   3.9;    9;   5.5;   6;    0.000;   0;   6.5;  15.0; 1003.40;   16.9;   79.00;   23.2;   12.5;    9.5;eor
       3126;20231004;   10;  11.3;   4.0;    9;   0.0;   0;    5.200;   0;   4.5;  12.2; 1013.90;   14.3;   75.00;   18.1;   11.7;    9.1;eor
       3126;20231005;   10;  13.9;   4.0;    9;   2.5;   6;    3.500;   0;   7.1;  13.1; 1012.50;   14.3;   81.00;   17.8;   11.4;    9.0;eor
       3126;20231006;   10;  12.4;   3.7;    9;   0.0;   0;    3.000;   0;   6.8;  13.1; 1011.70;   16.1;   73.00;   20.4;   11.5;    9.2;eor
       3126;20231007;   10;  15.2;   5.3;    9;   3.4;   6;    0.400;   0;   7.8;  15.2; 1006.80;   17.8;   75.00;   20.6;   12.0;   11.6;eor
       3126;20231008;   10;  10.0;   1.6;    9;   0.8;   6;    2.800;   0;   7.0;  11.4; 1014.10;   12.4;   80.00;   16.1;   10.2;    9.3;eor
       3126;20231009;   10;   5.6;   1.5;    9;  10.6;   6;    0.000;   0;   7.6;  14.5; 1007.70;   13.3;   94.00;   16.3;   11.0;   10.1;eor
       3126;20231010;   10;   5.0;   1.9;    9;   0.3;   6;    0.700;   0;   7.7;  16.1; 1008.00;   16.3;   87.00;   19.2;   13.4;   10.3;eor
       3126;20231011;   10;  12.3;   4.2;    9;   4.4;   6;    5.900;   0;   5.9;  14.2; 1001.80;   20.2;   61.00;   24.7;   16.6;   13.8;eor
       3126;20231012;   10;   9.9;   1.9;    9;   5.7;   6;    0.000;   0;   7.5;  14.9; 1003.10;   14.8;   89.00;   19.8;   12.3;   10.6;eor
       3126;20231013;   10;  11.6;   3.7;    9;   4.7;   6;    1.900;   0;   7.1;  16.8;  998.10;   18.6;   80.00;   23.5;   13.2;   11.0;eor
       3126;20231014;   10;  14.2;   4.9;    9;   0.1;   6;    6.500;   0;   5.1;  11.2;  997.80;   13.9;   70.00;   20.9;    8.2;    6.1;eor
       3126;20231015;   10;  14.2;   4.3;    9;   0.6;   6;    6.600;   0;   2.1;   8.2; 1006.70;    8.2;   75.00;   11.1;    5.8;    3.5;eor
       3126;20231016;   10;   7.4;   2.4;    9;   1.7;   6;    1.000;   0;   5.8;   8.9; 1011.10;    7.0;   89.00;   11.1;    4.0;    1.1;eor
       3126;20231017;   10;   4.1;   1.0;    9;   0.0;   0;    6.100;   0;   3.8;   8.7; 1010.90;    6.6;   90.00;   12.4;    2.2;   -1.2;eor
       3126;20231018;   10;   7.8;   1.9;    9;   6.2;   6;    5.400;   0;   5.0;   7.8; 1002.60;    6.2;   83.00;   12.7;   -0.1;   -3.1;eor
       3126;20231019;   10;   6.3;   2.3;    9;   3.1;   6;    0.000;   0;   7.8;  10.0;  987.80;    7.6;   96.00;    8.9;    6.5;    6.0;eor
       3126;20231020;   10;  12.6;   3.4;    9;   9.0;   6;    0.000;   0;   7.9;  10.1;  979.40;    7.4;   98.00;    8.9;    6.7;    6.2;eor
       3126;20231021;   10;  12.3;   3.0;    9;   0.0;   6;    5.900;   0;   6.0;  12.4;  987.10;   12.8;   85.00;   19.1;    9.0;    6.5;eor
       3126;20231022;   10;   9.3;   2.7;    9;   0.2;   6;    5.000;   0;   6.4;  12.0;  998.20;   12.3;   85.00;   16.6;    8.6;    5.0;eor
       3126;20231023;   10;   3.8;   1.4;    9;   0.3;   6;    4.300;   0;   6.5;  11.9; 1003.40;   11.8;   87.00;   16.5;    7.5;    3.9;eor
       3126;20231024;   10;   5.7;   1.7;    9;   5.3;   6;    0.000;   0;   6.8;  13.3;  995.00;   11.9;   95.00;   13.4;    9.7;    7.1;eor
       3126;20231025;   10;   7.9;   2.0;    9;  12.8;   6;    5.500;   0;   6.8;  11.5;  990.10;   10.9;   88.00;   15.5;    7.3;    4.4;eor
       3126;20231026;   10;   3.5;   1.0;    9;   2.4;   6;    0.000;   0;   7.9;  12.7;  984.50;   10.8;   97.00;   11.9;   10.1;    8.4;eor
       3126;20231027;   10;   3.5;   1.2;    9;   3.9;   6;    0.000;   0;   7.8;  11.9;  984.20;   10.0;   97.00;   11.0;    9.5;    6.9;eor
       3126;20231028;   10;   6.4;   2.0;    9;   7.0;   6;    0.300;   0;   7.1;  12.0;  989.50;   10.8;   93.00;   13.8;    8.0;    5.5;eor
       3126;20231029;   10;  14.0;   3.9;    9;   0.8;   6;    0.200;   0;   7.1;  12.4;  988.80;   13.0;   84.00;   16.3;   10.0;    8.8;eor
       3126;20231030;   10;   8.2;   2.6;    9;   7.3;   6;    1.800;   0;   6.8;  12.2;  991.60;   12.7;   83.00;   15.9;   11.0;    9.3;eor
       3126;20231031;   10;  15.0;   3.8;    9;   0.5;   6;    1.400;   0;   7.5;  11.6;  989.70;   11.5;   86.00;   13.3;    8.7;    8.0;eor
       3126;20231101;   10;   8.7;   2.4;    9;   0.0;   6;    0.500;   0;   7.0;  11.7;  994.00;   11.4;   87.00;   14.4;    7.0;    3.6;eor
       3126;20231102;   10;  10.7;   3.7;    9;   0.2;   6;    0.000;   0;   6.5;  10.5;  979.90;   11.3;   78.00;   14.0;    8.6;    6.7;eor
       3126;20231103;   10;   9.4;   3.0;    9;   0.0;   0;    4.700;   0;   6.2;   9.0;  976.80;    9.8;   74.00;   12.8;    6.3;    2.7;eor
       3126;20231104;   10;  11.2;   3.8;    9;   0.3;   6;    6.800;   0;   4.7;   8.3;  976.30;    8.9;   73.00;   12.5;    5.4;    1.9;eor
       3126;20231105;   10;  14.2;   4.2;    9;   4.1;   4;    0.500;   0;   6.8;  10.5;  970.60;   10.7;   81.00;   13.3;    8.3;    5.9;eor
       3126;20231106;   10;  12.9;   4.3;    9;   0.2;   4;    2.700;   0;   5.6;   9.5;  990.40;   11.1;   72.00;   13.7;    7.0;    2.8;eor
       3126;20231107;   10;  10.9;   3.2;    9;   0.5;   6;    4.400;   0;   3.5;   9.4;  999.60;    9.0;   82.00;   12.6;    6.0;    1.8;eor
       3126;20231108;   10;  10.9;   3.6;    9;   1.4;   6;    1.100;   0;   6.3;   8.8; 1001.50;    8.8;   78.00;   12.3;    4.7;    0.6;eor
       3126;20231109;   10;  10.4;   3.6;    9;   0.1;   6;    0.000;   0;   6.8;   9.5;  993.80;    9.7;   79.00;   11.4;    7.7;    4.3;eor
       3126;20231110;   10;   9.4;   3.0;    9;   0.0;   0;    2.100;   0;   5.7;   8.3;  989.50;    8.0;   78.00;   11.7;    4.5;    1.1;eor
       3126;20231111;   10;   8.5;   2.2;    9;   2.9;   6;    0.100;   0;   7.6;   8.4;  991.60;    6.1;   89.00;    8.3;    4.2;    1.0;eor
       3126;20231112;   10;   8.2;   2.5;    9;   0.0;   0;    2.700;   0;   7.3;   8.3;  996.90;    7.4;   81.00;    9.7;    6.0;    3.2;eor
       3126;20231113;   10;  10.8;   2.7;    9;   6.0;   6;    0.500;   0;   6.5;   8.6;  994.70;    6.3;   89.00;   11.4;    1.2;   -2.1;eor
       3126;20231114;   10;  17.6;   5.7;    9;   3.0;   6;    3.200;   0;   4.6;  10.3;  990.00;   11.6;   76.00;   13.6;    9.2;    7.3;eor
       3126;20231115;   10;  10.7;   2.7;    9;   0.7;   6;    1.600;   0;   6.6;   9.8;  999.90;    8.7;   87.00;   10.6;    7.0;    5.3;eor
       3126;20231116;   10;  10.8;   3.1;    9;   0.0;   6;    3.900;   0;   6.0;   8.0; 1001.70;    6.4;   83.00;    9.2;    0.6;   -2.4;eor
       3126;20231117;   10;  11.1;   2.7;    9;   0.0;   0;    1.500;   0;   6.1;   6.8; 1007.00;    4.0;   84.00;    8.1;    0.5;   -3.0;eor
       3126;20231118;   10;   9.7;   2.1;    9;   1.2;   6;    3.900;   0;   4.9;   7.2; 1012.30;    4.2;   87.00;    7.4;    0.0;   -3.1;eor
       3126;20231119;   10;  12.8;   4.1;    9;   7.2;   6;    3.400;   0;   6.9;  10.2;  997.40;   10.0;   83.00;   14.2;    5.3;    4.6;eor
       3126;20231120;   10;  13.9;   4.2;    9;   4.0;   6;    0.000;   0;   7.6;  11.2;  996.60;   10.2;   90.00;   11.8;    8.3;    7.2;eor
       3126;20231121;   10;   7.9;   2.8;    9;   0.0;   6;    0.000;   0;   6.8;   7.9; 1006.30;    5.5;   85.00;    8.3;   -0.1;   -3.2;eor
       3126;20231122;   10;   5.9;   1.9;    9;   0.0;   8;    5.300;   0;   2.8;   4.8; 1017.30;    0.3;   78.00;    2.9;   -1.6;   -4.6;eor
       3126;20231123;   10;  17.5;   6.2;    9;   1.1;   6;    0.100;   0;   7.5;   9.4; 1002.20;    8.6;   83.00;   11.7;    2.9;    2.2;eor
       3126;20231124;   10;  15.1;   5.3;    9;   4.5;   8;    3.600;   0;   5.0;   7.0;  991.00;    4.4;   84.00;    7.7;    1.3;    0.0;eor
       3126;20231125;   10;  10.5;   2.9;    9;   2.5;   8;    0.000;   0;   5.5;   6.3;  995.60;    1.8;   89.00;    3.7;    0.1;   -1.7;eor
       3126;20231126;   10;   6.1;   1.5;    9;   2.5;   6;    1.800;   0;   7.3;   6.1; 1002.00;    1.8;   88.00;    3.9;   -0.8;   -2.5;eor
       3126;20231127;   10;   7.9;   2.0;    9;  13.4;   8;    0.000;   0;   7.1;   7.3;  993.30;    3.1;   96.00;    4.7;    0.4;    0.0;eor
       3126;20231128;   10;   9.8;   3.2;    9;   1.1;   7;    0.200;   5;   7.0;   5.2;  991.30;   -1.0;   91.00;    0.4;   -3.9;   -9.3;eor
       3126;20231129;   10;  13.5;   4.0;    9;   0.1;   8;    0.100;   5;   6.5;   4.7;  991.10;   -0.7;   81.00;    2.2;   -4.0;   -7.6;eor
       3126;20231130;   10;   3.5;   1.0;    9;   0.0;   0;    1.300;   5;   7.3;   4.9;  993.10;   -1.4;   89.00;    2.2;   -4.1;  -10.8;eor
       3126;20231201;   10;   4.5;   1.5;    9;   0.0;   7;    0.000;   4;   7.9;   4.3;  996.60;   -2.7;   86.00;   -1.8;   -3.5;   -6.1;eor
       3126;20231202;   10;   4.9;   1.6;    9;   0.2;   8;    0.000;   4;   7.6;   4.3; 1001.60;   -2.4;   84.00;   -1.1;   -3.9;   -8.8;eor
       3126;20231203;   10;   3.9;   1.4;    9;   0.1;   7;    0.100;   5;   6.0;   4.7; 1010.40;   -2.0;   90.00;    0.7;   -5.6;  -12.4;eor
       3126;20231204;   10;   7.9;   3.2;    9;   0.7;   8;    0.000;   5;   4.0;   4.3; 1004.50;   -1.9;   80.00;   -0.3;   -4.5;   -5.8;eor
       3126;20231205;   10;   8.6;   3.1;    9;   3.2;   8;    0.000;   6;   7.5;   5.6;  996.90;    0.4;   88.00;    1.8;   -1.5;   -2.1;eor
       3126;20231206;   10;   4.5;   1.6;    9;   0.3;   8;    0.000;   3;   7.0;   6.2; 1001.50;    1.5;   91.00;    2.2;    1.0;    0.1;eor
       3126;20231207;   10;   4.4;   1.4;    9;   0.0;   0;    0.000;   1;   7.3;   6.2; 1008.90;    1.8;   89.00;    3.7;   -0.7;   -3.8;eor
       3126;20231208;   10;   9.5;   2.4;    9;   2.7;   8;    0.000;   0;   6.7;   5.7; 1002.10;    0.3;   91.00;    1.7;   -1.0;   -2.9;eor
       3126;20231209;   10;  10.0;   2.6;    9;   7.3;   6;    2.600;   0;   6.9;   7.3;  997.50;    3.9;   90.00;    6.8;    1.4;   -0.6;eor
       3126;20231210;   10;  13.9;   3.8;    9;   8.7;   6;    0.000;   0;   7.1;   8.3;  991.70;    6.7;   85.00;    9.4;    4.1;    1.2;eor
       3126;20231211;   10;  14.9;   4.6;    9;   3.3;   6;    0.000;   0;   6.6;   9.1;  988.90;    8.4;   83.00;    9.9;    4.7;    0.8;eor
       3126;20231212;   10;   7.8;   2.1;    9;   7.0;   6;    0.500;   0;   6.3;   8.2;  995.50;    5.9;   88.00;    7.4;    3.3;    0.5;eor
       3126;20231213;   10;   6.9;   1.5;    9;   1.9;   6;    0.200;   0;   7.8;   9.5;  989.70;    6.8;   96.00;    9.4;    4.7;    3.7;eor
       3126;20231214;   10;   6.2;   2.2;    9;   0.2;   6;    0.000;   0;   7.6;   7.4; 1005.50;    3.6;   94.00;    4.7;    1.5;   -1.4;eor
       3126;20231215;   10;   8.4;   2.3;    9;   0.5;   6;    0.400;   0;   6.3;   7.7; 1021.20;    4.3;   91.00;    7.0;   -0.3;   -3.4;eor
       3126;20231216;   10;  10.9;   3.6;    9;   0.0;   0;    1.800;   0;   7.4;   8.4; 1025.80;    8.0;   78.00;    9.1;    6.6;    5.4;eor
       3126;20231217;   10;  10.7;   3.5;    9;   0.0;   0;    5.800;   0;   4.8;   8.9; 1023.00;    8.4;   81.00;   10.5;    4.9;    0.3;eor
       3126;20231218;   10;  11.2;   2.9;    9;   0.0;   4;    1.800;   0;   5.5;   7.6; 1018.00;    5.7;   83.00;    7.9;    2.7;   -1.4;eor
       3126;20231219;   10;  10.5;   3.0;    9;   4.5;   6;    0.000;   0;   7.6;   8.6; 1006.80;    7.2;   85.00;    8.9;    5.3;    2.9;eor
       3126;20231220;   10;  15.6;   4.7;    9;   3.3;   6;    1.200;   0;   6.4;   7.8;  998.50;    6.0;   84.00;    7.7;    4.5;    2.2;eor
       3126;20231221;   10;  20.0;   6.9;    9;  10.7;   6;    0.000;   0;   6.8;   8.9;  981.40;    7.9;   82.00;   10.7;    4.9;    3.1;eor
       3126;20231222;   10;  20.3;   6.1;    9;  11.2;   6;    1.500;   0;   5.8;   6.7;  983.80;    3.8;   83.00;    6.2;    1.9;    0.5;eor
       3126;20231223;   10;  13.7;   3.6;    9;  13.2;   8;    0.000;   0;   6.2;   7.0;  991.80;    3.5;   89.00;    5.9;    1.4;    0.7;eor
       3126;20231224;   10;  17.6;   6.4;    9;   0.9;   6;    0.000;   0;   7.3;  10.9;  990.10;   10.5;   85.00;   13.2;    5.9;    5.3;eor
       3126;20231225;   10;  17.0;   5.2;    9;   4.1;   6;    0.300;   0;   7.3;  10.6;  993.20;   11.0;   81.00;   12.8;    8.9;    6.8;eor
       3126;20231226;   10;  15.8;   5.3;    9;   0.6;   6;    2.400;   0;   6.4;   9.0;  999.20;    9.1;   77.00;   11.7;    5.1;    3.1;eor
       3126;20231227;   10;  10.8;   2.9;    9;   0.0;   0;    0.700;   0;   5.5;   7.1; 1008.50;    4.8;   82.00;    8.1;    2.1;   -0.5;eor
       3126;20231228;   10;  10.0;   4.6;    9;   0.0;   0;    3.100;   0;   7.4;   8.0; 1001.50;    9.3;   69.00;   11.9;    7.8;    5.1;eor
       3126;20231229;   10;  15.2;   5.6;    9;   4.8;   6;    1.600;   0;   6.2;   8.7;  997.00;    9.7;   72.00;   11.5;    8.1;    5.7;eor
       3126;20231230;   10;  15.8;   4.0;    9;   0.0;   0;    1.100;   0;   6.7;   7.8; 1001.00;    6.8;   79.00;    8.7;    3.3;   -0.8;eor
       3126;20231231;   10;   7.8;   3.0;    9;   0.0;   6;    0.000;   0;   7.3;   7.7;  995.20;    5.7;   84.00;    9.1;    2.9;   -1.2;eor
       3126;20240101;   10;  10.9;   3.6;    9;   0.3;   6;    0.100;   0;   6.4;   7.7;  994.70;    6.7;   78.00;    8.9;    3.0;   -0.7;eor
       3126;20240102;   10;   9.1;   3.4;    9;  15.0;   6;    0.000;   0;   7.0;   8.7;  986.80;    5.8;   93.00;    8.7;    2.2;   -1.2;eor
       3126;20240103;   10;  15.9;   4.6;    9;   1.4;   6;    0.000;   0;   6.8;   9.1;  979.70;    9.7;   76.00;   11.7;    7.2;    3.9;eor
       3126;20240104;   10;  14.1;   3.6;    9;   1.2;   8;    0.000;   0;   7.7;   7.1;  989.30;    4.9;   80.00;    8.9;    2.2;    1.7;eor
       3126;20240105;   10;   6.8;   2.2;    9;   3.6;   6;    0.000;   0;   8.0;   7.2;  993.20;    3.1;   94.00;    4.3;    1.9;    1.2;eor
       3126;20240106;   10;   7.3;   2.5;    9;   1.9;   8;    0.000;   0;   8.0;   6.7;  999.70;    1.6;   96.00;    2.9;   -0.8;   -1.2;eor
       3126;20240107;   10;  11.1;   3.5;    9;   0.0;   7;    0.000;   2;   7.9;   4.3; 1012.80;   -1.4;   79.00;   -0.6;   -3.0;   -4.6;eor
       3126;20240108;   10;  11.6;   3.4;    9;   0.0;   0;    6.300;   2;   0.9;   2.7; 1022.50;   -5.2;   65.00;   -1.6;   -8.1;  -11.7;eor
       3126;20240109;   10;   4.8;   1.5;    9;   0.0;   0;    6.300;   2;   0.4;   2.7; 1026.30;   -7.7;   80.00;   -3.9;  -10.2;  -13.9;eor
       3126;20240110;   10;   3.7;   1.3;    9;   0.0;   0;    6.300;   2;   1.0;   2.7; 1022.60;   -7.6;   80.00;   -2.5;  -11.4;  -14.4;eor
       3126;20240111;   10;   6.9;   1.8;    9;   0.0;   6;    2.100;   2;   5.2;   4.0; 1021.10;   -4.7;   89.00;   -0.3;  -10.0;  -12.6;eor
       3126;20240112;   10;   8.3;   2.5;    9;   0.0;   8;    0.300;   2;   7.6;   5.8; 1018.70;    0.4;   92.00;    1.8;   -0.9;   -1.3;eor
       3126;20240113;   10;  13.7;   4.9;    9;   3.6;   8;    0.000;   1;   7.6;   6.4; 1006.90;    2.3;   88.00;    3.3;    1.6;    0.5;eor
       3126;20240114;   10;  13.1;   4.9;    9;   0.7;   8;    0.700;   0;   7.3;   6.4;  993.90;    2.5;   87.00;    3.7;    1.1;    0.2;eor
       3126;20240115;   10;  14.5;   5.9;    9;   0.9;   8;    0.200;   0;   6.3;   5.7;  986.10;    1.6;   83.00;    2.7;    0.6;   -0.6;eor
       3126;20240116;   10;  13.3;   4.1;    9;   0.0;   7;    1.900;   1;   5.5;   4.9;  995.30;    0.6;   77.00;    2.2;   -3.0;   -7.2;eor
       3126;20240117;   10;   6.7;   2.3;    9;   1.4;   7;    0.200;   1;   6.0;   4.5;  984.50;   -1.6;   83.00;    0.0;   -3.6;   -5.6;eor
       3126;20240118;   10;   6.4;   1.7;    9;   0.0;   0;    3.400;   2;   4.2;   4.6;  988.20;   -1.4;   84.00;    1.6;   -3.2;   -8.9;eor
       3126;20240119;   10;  11.6;   4.1;    9;   0.0;   0;    6.700;   2;   0.4;   4.3; 1005.90;   -0.9;   75.00;    1.6;   -4.4;   -6.6;eor
       3126;20240120;   10;  10.2;   3.1;    9;   0.0;   0;    6.400;   2;   2.0;   4.5; 1016.20;   -0.6;   77.00;    3.4;   -5.9;  -11.6;eor
       3126;20240121;   10;  13.4;   4.1;    9;   0.0;   6;    0.300;   1;   6.8;   4.1; 1013.10;   -0.3;   67.00;    5.4;   -6.2;  -11.2;eor
       3126;20240122;   10;  15.2;   6.0;    9;   3.4;   6;    0.000;   1;   6.3;   7.9;  999.80;    7.3;   77.00;   10.1;    4.3;    2.1;eor
       3126;20240123;   10;  13.9;   5.5;    9;   2.0;   6;    4.400;   1;   5.7;   7.3; 1008.70;    6.4;   76.00;    8.6;    4.5;    2.2;eor
       3126;20240124;   10;  23.4;   7.9;    9;   1.9;   6;    3.000;   0;   6.3;   9.0; 1003.20;   10.1;   73.00;   12.7;    7.6;    6.1;eor
       3126;20240125;   10;  15.5;   4.8;    9;   0.2;   6;    1.700;   0;   6.9;   7.6; 1014.00;    6.7;   77.00;    8.7;    2.5;   -1.6;eor
       3126;20240126;   10;  15.1;   4.1;    9;   3.8;   6;    0.100;   0;   6.6;   8.3; 1011.70;    6.6;   84.00;   11.9;    3.4;    1.8;eor
       3126;20240127;   10;  12.6;   3.7;    9;   0.0;   0;    7.200;   0;   3.7;   6.7; 1023.00;    5.2;   75.00;    8.7;    1.2;   -3.2;eor
       3126;20240128;   10;   7.5;   2.5;    9;   0.0;   0;    7.300;   0;   1.5;   5.7; 1023.00;    2.0;   82.00;    6.3;   -1.5;   -4.5;eor
       3126;20240129;   10;   6.7;   2.1;    9;   0.0;   0;    5.300;   0;   5.6;   6.0; 1018.20;    4.1;   73.00;   10.1;    0.8;   -2.0;eor
       3126;20240130;   10;   8.8;   1.6;    9;   0.0;   6;    3.000;   0;   5.9;   7.7; 1017.80;    5.5;   85.00;   11.2;   -0.3;   -2.3;eor
       3126;20240131;   10;  11.0;   3.1;    9;   0.1;   6;    0.000;   0;   7.5;   7.0; 1019.60;    5.5;   78.00;    9.0;    1.3;   -2.2;eor
       3126;20240201;   10;  11.7;   4.6;    9;   0.0;   6;    5.400;   0;   5.0;   7.4; 1014.90;    6.4;   76.00;    8.5;    4.5;    2.5;eor
       3126;20240202;   10;  14.4;   4.7;    9;   0.2;   6;    0.000;   0;   7.6;   7.8; 1013.90;    7.1;   77.00;    9.2;    4.8;    3.6;eor
       3126;20240203;   10;  12.6;   5.1;    9;   3.0;   6;    0.000;   0;   7.6;  10.6; 1009.80;    9.9;   87.00;   11.3;    7.4;    5.3;eor
       3126;20240204;   10;  17.3;   4.6;    9;   2.2;   6;    0.200;   0;   7.0;   9.0; 1005.80;    8.7;   80.00;   10.6;    7.5;    4.9;eor
       3126;20240205;   10;  16.7;   6.9;    9;   0.1;   6;    0.400;   0;   7.7;  10.0; 1002.20;   10.6;   78.00;   11.7;    9.4;    8.5;eor
       3126;20240206;   10;  16.4;   7.3;    9;   8.9;   6;    0.000;   0;   7.9;   9.3;  996.20;   10.3;   74.00;   11.6;    8.4;    7.2;eor
       3126;20240207;   10;  13.9;   3.5;    9;   0.4;   6;    0.000;   0;   7.1;   7.2;  992.90;    4.7;   84.00;   11.1;   -0.6;   -3.4;eor
       3126;20240208;   10;   6.0;   1.4;    9;  10.1;   8;    0.000;   0;   7.4;   6.2;  991.00;    1.5;   91.00;    4.8;   -1.1;   -3.5;eor
       3126;20240209;   10;   6.8;   2.5;    9;   4.4;   6;    0.500;   0;   7.6;   9.2;  980.30;    6.7;   92.00;   12.6;    1.0;    0.6;eor
       3126;20240210;   10;   5.3;   1.8;    9;   0.2;   6;    4.200;   0;   6.1;  11.3;  980.20;   10.4;   90.00;   14.2;    7.9;    5.9;eor
       3126;20240211;   10;   8.6;   2.0;    9;   3.2;   6;    0.000;   0;   7.8;  10.7;  981.00;    8.9;   94.00;    9.8;    7.9;    7.0;eor
       3126;20240212;   10;   9.1;   3.1;    9;   0.5;   6;    1.000;   0;   6.8;   9.0;  991.90;    7.9;   84.00;   10.4;    5.1;    2.6;eor
       3126;20240213;   10;   9.7;   3.1;    9;   0.1;   6;    5.200;   0;   4.9;   7.0; 1006.60;    5.7;   77.00;    9.4;    2.9;   -0.4;eor
       3126;20240214;   10;   8.7;   3.3;    9;   3.3;   6;    0.200;   0;   7.6;   9.3; 1006.80;    8.4;   83.00;   12.3;    3.6;    1.5;eor
       3126;20240215;   10;   7.7;   2.9;    9;   0.0;   6;    0.100;   0;   7.9;  12.0; 1006.70;   11.7;   87.00;   15.0;    9.3;    7.0;eor
       3126;20240216;   10;   8.8;   2.9;    9;   3.2;   6;    0.500;   0;   7.4;  11.8; 1004.20;   12.0;   84.00;   16.7;    8.5;    6.9;eor
       3126;20240217;   10;  10.6;   2.9;    9;   0.0;   0;    3.800;   0;   4.8;   9.0; 1017.90;    8.6;   81.00;   12.2;    1.0;   -2.3;eor
       3126;20240218;   10;  10.2;   3.0;    9;   7.5;   6;    0.900;   0;   6.4;   8.8; 1016.50;    7.1;   86.00;   12.4;    0.8;   -2.6;eor
       3126;20240219;   10;  14.5;   4.7;    9;   1.1;   6;    1.600;   0;   7.7;   9.8; 1010.00;    8.8;   86.00;   11.2;    6.6;    5.9;eor
       3126;20240220;   10;  11.6;   3.8;    9;   0.9;   6;    2.800;   0;   7.4;   8.9; 1013.30;    8.6;   80.00;   10.6;    7.0;    5.6;eor
       3126;20240221;   10;  10.9;   3.8;    9;   2.4;   6;    2.800;   0;   6.4;   8.5; 1004.80;    9.4;   73.00;   11.3;    7.2;    6.2;eor
       3126;20240222;   10;  12.6;   4.6;    9;   5.2;   6;    0.900;   0;   7.7;  10.5;  982.70;   10.5;   82.00;   13.3;    7.9;    6.8;eor
       3126;20240223;   10;  15.3;   4.4;    9;   0.0;   0;    4.000;   0;   4.7;   6.7;  984.60;    7.2;   66.00;   12.0;    1.7;   -2.3;eor
       3126;20240224;   10;  10.0;   3.1;    9;   0.0;   6;    4.800;   0;   2.6;   6.5;  992.00;    5.0;   75.00;    9.9;    0.7;   -2.9;eor
       3126;20240225;   10;  11.2;   2.6;    9;   0.0;   0;    3.900;   0;   5.2;   6.6;  994.90;    4.7;   77.00;   10.4;    0.3;   -3.4;eor
       3126;20240226;   10;   7.3;   2.3;    9;   0.0;   0;    0.000;   0;   6.9;   7.1;  996.50;    4.8;   83.00;    8.7;   -0.5;   -3.2;eor
       3126;20240227;   10;   7.8;   2.7;    9;   0.0;   0;    0.000;   0;   7.5;   7.0; 1006.30;    4.1;   86.00;    6.5;    1.3;   -0.6;eor
       3126;20240228;   10;   5.0;   1.5;    9;   0.0;   0;    6.300;   0;   6.0;   6.4; 1011.00;    4.1;   79.00;    7.7;    1.4;   -2.8;eor
       3126;20240229;   10;   9.0;   2.8;    9;   0.0;   0;    9.300;   0;   1.8;   6.8; 1004.50;    4.9;   79.00;   11.2;   -0.5;   -3.0;eor
       3126;20240301;   10;   5.7;   2.2;    9;   0.0;   6;    3.500;   0;   4.2;   8.2;  996.20;    6.5;   85.00;   12.1;    0.9;   -2.1;eor
       3126;20240302;   10;   7.2;   2.1;    9;   0.2;   6;    6.200;   0;   6.4;   9.4;  995.70;    8.9;   83.00;   13.9;    4.7;    1.4;eor
       3126;20240303;   10;   8.4;   2.0;    9;   0.0;   0;    6.500;   0;   4.4;   8.8;  994.20;    8.1;   82.00;   14.8;    1.8;   -1.9;eor
       3126;20240304;   10;   4.1;   1.4;    9;   0.9;   6;    0.000;   0;   6.7;   9.2;  999.40;    6.2;   96.00;    8.6;    2.3;   -0.9;eor
       3126;20240305;   10;   7.9;   2.5;    9;   0.0;   0;    0.000;   0;   7.8;   7.5; 1005.50;    6.6;   77.00;    8.3;    4.0;    3.1;eor
       3126;20240306;   10;   6.5;   1.9;    9;   0.0;   6;    9.500;   0;   4.2;   6.3; 1013.60;    5.3;   71.00;    9.6;    2.0;   -0.4;eor
       3126;20240307;   10;   9.4;   2.8;    9;   0.0;   0;    6.000;   0;   3.8;   6.3; 1015.00;    5.9;   68.00;    9.1;    1.4;   -1.6;eor
       3126;20240308;   10;  10.0;   2.8;    9;   0.0;   0;    9.900;   0;   0.0;   5.3; 1008.10;    4.4;   65.00;    9.8;   -1.0;   -4.5;eor
       3126;20240309;   10;   9.1;   2.7;    9;   0.0;   0;    2.800;   0;   2.8;   6.6;  997.70;    5.0;   76.00;   11.0;    0.1;   -2.1;eor
       3126;20240310;   10;  10.8;   2.9;    9;   0.0;   0;    3.600;   0;   4.4;   7.9;  991.60;    7.6;   76.00;   12.8;    0.9;   -2.2;eor
       3126;20240311;   10;  12.0;   2.8;    9;   0.0;   0;    4.600;   0;   5.8;   8.6;  993.70;    9.6;   73.00;   14.2;    3.9;   -0.7;eor
       3126;20240312;   10;   7.6;   2.1;    9;   0.0;   0;    2.200;   0;   5.0;   8.3; 1003.50;    7.7;   79.00;   12.1;    1.5;   -2.8;eor
       3126;20240313;   10;   9.2;   2.4;    9;   0.1;   6;    7.600;   0;   3.7;   9.1; 1005.80;    8.8;   80.00;   13.7;    1.6;   -2.9;eor
       3126;20240314;   10;   6.7;   2.5;    9;   0.0;   0;    3.200;   0;   6.9;  11.1; 1003.70;   12.0;   80.00;   16.8;    7.4;    3.2;eor
       3126;20240315;   10;   9.6;   3.3;    9;   0.0;   6;    5.300;   0;   6.3;  11.0;  999.20;   12.1;   79.00;   18.1;    6.1;    1.8;eor
       3126;20240316;   10;  13.2;   3.7;    9;   0.4;   6;    2.600;   0;   4.9;   9.1; 1005.20;    9.1;   77.00;   13.4;    2.3;   -2.1;eor
       3126;20240317;   10;   5.1;   1.7;    9;   0.0;   0;    6.100;   0;   5.3;   6.4; 1013.30;    5.9;   70.00;   11.3;    0.6;   -4.2;eor
       3126;20240318;   10;   8.0;   2.5;    9;   0.0;   0;    6.100;   0;   6.2;   5.4; 1009.70;    5.6;   61.00;   10.7;    0.6;   -1.7;eor
       3126;20240319;   10;   7.0;   2.8;    9;   0.0;   0;    7.100;   0;   6.5;   5.8; 1010.90;    6.6;   61.00;   12.3;    1.5;    0.4;eor
       3126;20240320;   10;   6.1;   1.6;    9;   0.2;   6;    7.300;   0;   6.1;   8.1; 1009.50;   11.5;   60.00;   18.5;    4.3;    1.2;eor
       3126;20240321;   10;  11.8;   2.3;    9;   3.1;   6;    0.800;   0;   7.3;  10.4; 1010.10;    9.8;   86.00;   14.6;    6.1;    3.3;eor
       3126;20240322;   10;   7.8;   2.3;    9;   8.8;   6;    0.000;   0;   7.5;  10.2; 1004.80;   10.2;   82.00;   13.9;    5.8;    2.9;eor
       3126;20240323;   10;  12.3;   2.8;    9;   5.3;   6;    1.900;   0;   5.8;   8.0;  996.50;    5.8;   86.00;    8.2;    2.9;    0.4;eor
       3126;20240324;   10;  12.8;   4.8;    9;   0.9;   6;    0.500;   0;   6.9;   7.1;  990.60;    5.7;   78.00;    9.2;    2.8;    0.6;eor
       3126;20240325;   10;  10.6;   3.3;    9;   0.0;   6;    1.500;   0;   6.2;   7.0;  994.60;    5.9;   76.00;   10.1;    1.8;   -2.8;eor
       3126;20240326;   10;   9.3;   2.5;    9;   0.0;   0;    5.600;   0;   6.9;   6.9;  987.70;    7.0;   71.00;   14.4;    0.4;   -3.4;eor
       3126;20240327;   10;   7.5;   2.2;    9;   2.3;   6;    6.200;   0;   5.0;   8.2;  977.50;   10.2;   68.00;   18.0;    2.2;   -1.9;eor
       3126;20240328;   10;  14.7;   4.6;    9;   0.0;   6;    3.500;   0;   6.7;   8.7;  979.20;    9.0;   76.00;   13.4;    6.0;    2.8;eor
       3126;20240329;   10;  11.4;   3.3;    9;   0.1;   6;    0.300;   0;   6.5;   9.2;  988.90;    9.9;   75.00;   14.7;    4.4;    1.2;eor
       3126;20240330;   10;   7.1;   1.8;    9;   0.0;   0;    3.700;   0;   3.5;  11.1;  989.00;   13.8;   73.00;   21.3;    7.2;    4.4;eor
       3126;20240331;   10;   8.4;   1.8;    9;   0.0;   6;    7.000;   0;   5.2;  11.2;  988.70;   13.7;   72.00;   18.8;    9.7;    6.1;eor
       3126;20240401;   10;  11.8;   2.9;    9;   1.9;   6;    0.000;   0;   6.5;  11.2;  985.60;   10.5;   88.00;   13.6;    6.9;    4.6;eor
       3126;20240402;   10;  15.3;   5.2;    9;   1.0;   6;    5.200;   0;   5.5;   9.6;  994.40;   11.0;   74.00;   14.6;    8.6;    6.7;eor
       3126;20240403;   10;   7.7;   3.1;    9;   0.2;   6;    0.200;   0;   6.8;  10.6;  996.80;   10.9;   81.00;   13.3;    8.0;    5.5;eor
       3126;20240404;   10;  13.6;   3.9;    9;   3.8;   6;    2.100;   0;   6.3;  10.7;  997.40;   11.8;   78.00;   16.4;    7.9;    4.2;eor
       3126;20240405;   10;  13.1;   3.7;    9;   4.6;   6;    0.700;   0;   7.6;  12.5; 1001.40;   13.9;   79.00;   19.0;    9.2;    6.4;eor
       3126;20240406;   10;   7.1;   2.7;    9;   0.0;   0;    8.200;   0;   5.8;  13.8; 1003.90;   17.7;   69.00;   24.8;   11.3;    7.1;eor
       3126;20240407;   10;   9.1;   1.9;    9;   0.1;   6;    3.500;   0;   5.8;  13.5; 1003.90;   18.0;   66.00;   24.2;   11.7;    7.9;eor
       3126;20240408;   10;   7.9;   1.8;    9;   0.3;   6;    7.800;   0;   4.0;  15.0;  999.60;   18.7;   71.00;   26.4;   13.8;   10.5;eor
       3126;20240409;   10;  13.0;   3.2;    9;   0.0;   6;    4.400;   0;   5.9;  12.9;  999.80;   16.0;   70.00;   22.5;   11.2;    9.6;eor
       3126;20240410;   10;   8.8;   3.0;    9;   0.0;   0;    1.800;   0;   6.2;   8.9; 1016.20;   11.3;   68.00;   15.9;    6.3;    1.2;eor
       3126;20240411;   10;   8.7;   2.7;    9;   0.0;   0;    5.000;   0;   4.2;   9.3; 1021.30;   12.2;   67.00;   17.5;    5.1;    0.2;eor
       3126;20240412;   10;  10.0;   2.7;    9;   0.0;   0;    4.800;   0;   7.0;  13.2; 1019.40;   15.9;   73.00;   20.7;   12.9;    9.7;eor
       3126;20240413;   10;  11.4;   3.6;    9;   0.0;   0;    7.800;   0;   6.4;  13.8; 1012.80;   17.6;   69.00;   22.1;   12.4;    9.4;eor
       3126;20240414;   10;  12.0;   3.1;    9;   0.1;   6;    6.700;   0;   7.2;   9.7; 1007.80;   14.7;   58.00;   17.8;    9.7;    7.5;eor
       3126;20240415;   10;  21.5;   3.8;    9;   0.6;   6;    2.900;   0;   6.2;   8.7;  996.20;   10.5;   69.00;   15.6;    5.3;    3.4;eor
       3126;20240416;   10;  14.3;   3.6;    9;   0.3;   6;    2.200;   0;   6.3;   7.4;  991.10;    7.7;   71.00;   12.1;    2.5;   -1.1;eor
       3126;20240417;   10;   9.6;   2.0;    9;   0.0;   6;    3.500;   0;   6.7;   7.4;  998.30;    7.4;   74.00;   12.2;    3.3;    0.4;eor
       3126;20240418;   10;   9.5;   1.9;    9;   0.8;   6;    7.000;   0;   5.8;   6.7; 1004.90;    7.7;   66.00;   12.4;    3.8;    1.5;eor
       3126;20240419;   10;  10.6;   3.7;    9;   6.1;   6;    0.600;   0;   6.3;   8.3;  995.10;    7.0;   83.00;   11.0;    5.5;    4.0;eor
       3126;20240420;   10;  11.2;   3.0;    9;   0.6;   6;    3.000;   0;   6.4;   7.1; 1005.00;    5.8;   78.00;   10.5;    0.6;   -1.8;eor
       3126;20240421;   10;   9.8;   2.8;    9;   0.0;   0;    7.900;   0;   3.8;   5.5; 1012.30;    5.1;   66.00;   10.4;   -0.1;   -3.4;eor
       3126;20240422;   10;   6.0;   1.7;    9;   0.0;   6;    7.200;   0;   3.5;   5.2; 1013.90;    3.3;   68.00;    8.8;   -2.2;   -5.7;eor
       3126;20240423;   10;   4.9;   1.2;    9;   0.0;   6;    4.200;   0;   4.6;   5.7; 1008.00;    4.6;   70.00;    9.5;   -2.1;   -5.5;eor
       3126;20240424;   10;   8.9;   2.3;    9;   2.0;   6;    4.100;   0;   5.8;   6.9;  996.30;    6.2;   73.00;   10.3;    4.1;    2.7;eor
       3126;20240425;   10;  14.0;   2.9;    9;   0.7;   6;    4.500;   0;   6.7;   7.4;  994.40;    6.4;   78.00;   10.8;    2.9;    0.2;eor
       3126;20240426;   10;  10.7;   2.9;    9;   0.0;   0;    5.800;   0;   6.3;   7.6;  996.10;    9.6;   66.00;   15.8;    2.6;   -0.7;eor
       3126;20240427;   10;  10.5;   2.3;    9;   0.0;   0;   11.400;   0;   1.9;   9.2;  999.70;   13.2;   64.00;   21.8;    3.1;   -0.7;eor
       3126;20240428;   10;   9.0;   3.1;    9;   0.0;   0;    6.700;   0;   6.1;  10.2; 1001.80;   17.3;   53.00;   24.8;   10.4;    6.3;eor
       3126;20240429;   10;   6.9;   1.7;    9;   0.0;   0;   10.800;   0;   5.3;  10.8; 1011.60;   16.4;   59.00;   21.3;   11.2;    8.1;eor
       3126;20240430;   10;   7.9;   1.9;    9;   0.0;   0;   11.300;   0;   2.7;  13.1; 1006.70;   18.3;   65.00;   27.3;    9.1;    5.7;eor
       3126;20240501;   10;  11.6;   3.0;    9;   0.0;   0;   13.300;   0;   1.9;  12.2;  998.90;   20.0;   55.00;   26.6;   10.2;    6.8;eor
       3126;20240502;   10;  11.7;   3.6;    9;   0.0;   6;   10.100;   0;   3.3;  12.4;  992.90;   20.5;   53.00;   26.4;   13.9;   11.8;eor
       3126;20240503;   10;   9.1;   3.1;    9;   0.0;   6;    7.300;   0;   4.6;  13.4;  999.20;   16.7;   71.00;   22.1;   12.6;    8.8;eor
       3126;20240504;   10;   5.2;   1.6;    9;   0.2;   6;    7.900;   0;   5.8;  11.1; 1005.10;   15.4;   64.00;   20.5;    9.3;    5.8;eor
       3126;20240505;   10;  12.2;   3.2;    9;   0.0;   6;    7.900;   0;   5.2;  11.3;  998.50;   14.7;   69.00;   20.0;    7.9;    3.5;eor
       3126;20240506;   10;   7.1;   1.6;    9;   0.0;   0;   10.200;   0;   5.2;   9.6;  999.40;   14.7;   61.00;   21.1;    7.1;    2.7;eor
       3126;20240507;   10;   7.5;   2.1;    9;   0.0;   0;    0.100;   0;   7.8;  10.4; 1008.10;   12.2;   73.00;   14.2;   10.2;    7.7;eor
       3126;20240508;   10;   5.7;   1.8;    9;   0.0;   0;    7.100;   0;   5.5;   9.1; 1014.90;   13.3;   62.00;   20.2;    7.6;    3.7;eor
       3126;20240509;   10;   6.6;   1.4;    9;   0.0;   0;   12.900;   0;   2.3;   8.9; 1015.70;   13.9;   60.00;   21.4;    4.3;    1.6;eor
       3126;20240510;   10;   5.9;   1.2;    9;   0.0;   0;    9.600;   0;   5.7;  10.7; 1013.00;   17.1;   58.00;   24.0;    9.3;    5.5;eor
       3126;20240511;   10;   7.6;   2.2;    9;   0.0;   0;   11.500;   0;   4.0;  12.0; 1012.70;   15.8;   69.00;   21.6;    9.8;    6.1;eor
       3126;20240512;   10;   8.7;   2.5;    9;   0.0;   0;   13.500;   0;   0.9;  10.0; 1010.60;   16.7;   56.00;   22.7;    8.8;    4.6;eor
       3126;20240513;   10;   9.1;   2.6;    9;   0.0;   0;   14.000;   0;   0.4;   8.5; 1005.30;   19.0;   40.00;   25.5;   10.8;    5.6;eor
       3126;20240514;   10;  12.7;   3.0;    9;   0.0;   0;   13.900;   0;   0.1;   9.0; 1001.60;   19.5;   42.00;   26.3;    7.8;    3.8;eor
       3126;20240515;   10;  13.3;   3.8;    9;   0.0;   0;   13.700;   0;   0.3;   8.9;  999.70;   20.8;   38.00;   27.5;   10.6;    4.8;eor
       3126;20240516;   10;  13.0;   4.0;    9;   0.0;   6;    8.600;   0;   3.3;  11.1;  998.40;   19.8;   49.00;   25.6;   14.8;   12.0;eor
       3126;20240517;   10;  12.9;   3.6;    9;   0.0;   0;    5.600;   0;   6.4;  11.0;  998.40;   19.8;   49.00;   25.5;   14.1;    9.5;eor
       3126;20240518;   10;   5.1;   1.5;    9;   0.0;   6;    0.200;   0;   7.2;  12.3; 1000.00;   15.8;   69.00;   19.2;   11.9;    7.2;eor
       3126;20240519;   10;   6.8;   1.4;    9;   1.6;   6;    3.800;   0;   6.0;  13.8;  999.30;   15.3;   80.00;   20.4;    9.6;    6.1;eor
       3126;20240520;   10;   5.6;   1.3;    9;   0.0;   6;    4.700;   0;   5.0;  14.0; 1001.20;   17.0;   75.00;   23.4;   11.6;    8.2;eor
       3126;20240521;   10;  11.6;   2.9;    9;   7.2;   6;    6.400;   0;   5.1;  14.8;  998.90;   19.9;   67.00;   27.0;   10.4;    6.9;eor
       3126;20240522;   10;   9.3;   2.3;    9;   2.2;   6;    0.000;   0;   7.7;  16.9;  998.00;   16.3;   91.00;   18.1;   15.1;   14.4;eor
       3126;20240523;   10;   8.5;   2.5;    9;   0.0;   0;   13.100;   0;   2.3;  13.9; 1004.50;   17.8;   71.00;   23.4;   12.5;    9.4;eor
       3126;20240524;   10;  10.9;   2.1;    9;  11.0;   6;    6.000;   0;   5.6;  15.1; 1007.60;   17.8;   76.00;   25.8;   12.8;    9.6;eor
       3126;20240525;   10;   5.7;   1.5;    9;   0.0;   0;    6.500;   0;   6.2;  15.9; 1007.00;   18.6;   76.00;   24.2;   14.8;   12.2;eor
       3126;20240526;   10;   7.9;   2.0;    9;   0.4;   6;   12.500;   0;   4.0;  15.6; 1007.20;   20.1;   69.00;   25.9;   13.3;   10.0;eor
       3126;20240527;   10;  12.3;   1.4;    9;  14.3;   6;    3.700;   0;   6.6;  16.3; 1006.20;   18.7;   76.00;   23.7;   15.1;   14.6;eor
       3126;20240528;   10;   8.5;   2.4;    9;   0.1;   6;    4.300;   0;   5.1;  13.6; 1006.70;   15.5;   78.00;   19.9;   10.8;    7.5;eor
       3126;20240529;   10;   9.6;   2.8;    9;   1.2;   6;    1.600;   0;   7.2;  14.0; 1001.70;   15.9;   78.00;   20.7;   10.3;    7.1;eor
       3126;20240530;   10;   6.8;   1.4;    9;  30.3;   6;    0.900;   0;   7.6;  16.0;  995.30;   15.7;   90.00;   19.8;   13.0;   11.4;eor
       3126;20240531;   10;   8.4;   2.3;    9;   0.0;   6;    3.000;   0;   7.1;  15.5;  997.90;   16.3;   84.00;   20.8;   13.4;   11.4;eor
       3126;20240601;   10;  17.6;   2.8;    9;  20.4;   6;    6.800;   0;   5.2;  17.6; 1001.40;   19.6;   79.00;   26.3;   15.4;   13.8;eor
       3126;20240602;   10;  11.2;   2.5;    9;   0.0;   0;    0.100;   0;   7.0;  16.1; 1006.90;   16.8;   83.00;   19.5;   13.4;   12.8;eor
       3126;20240603;   10;   8.1;   2.4;    9;   0.0;   0;    1.900;   0;   7.4;  11.5; 1007.70;   14.0;   72.00;   17.5;   12.3;   10.1;eor
       3126;20240604;   10;   6.3;   1.6;    9;   0.1;   6;    6.000;   0;   4.8;  12.8; 1003.70;   16.1;   71.00;   20.9;   12.4;    8.8;eor
       3126;20240605;   10;   9.6;   2.7;    9;   2.5;   6;    1.000;   0;   6.8;  14.3; 1001.20;   15.6;   81.00;   19.7;   11.8;    8.6;eor
       3126;20240606;   10;   7.1;   1.7;    9;   0.8;   6;   10.700;   0;   3.9;  11.2; 1006.60;   15.1;   68.00;   21.4;    7.6;    4.7;eor
       3126;20240607;   10;   6.3;   1.7;    9;   0.0;   0;    9.300;   0;   3.8;  11.2; 1007.50;   15.5;   67.00;   21.1;   10.3;    7.4;eor
       3126;20240608;   10;   9.0;   2.2;    9;   0.0;   0;   13.400;   0;   2.2;  12.2; 1000.90;   18.0;   62.00;   25.2;    9.4;    6.6;eor
       3126;20240609;   10;   8.2;   2.2;    9;   0.0;   0;   13.600;   0;   2.5;   9.8;  998.80;   15.2;   59.00;   20.6;    9.7;    6.8;eor
       3126;20240610;   10;   8.0;   2.0;    9;   2.1;   6;    5.700;   0;   5.6;  11.2;  996.40;   13.4;   74.00;   18.7;    8.7;    6.0;eor
       3126;20240611;   10;  15.3;   5.0;    9;   0.9;   6;    5.700;   0;   5.3;  10.1; 1001.30;   12.8;   69.00;   18.1;    8.7;    6.0;eor
       3126;20240612;   10;   9.7;   2.9;    9;   1.4;   6;    5.800;   0;   4.8;  10.3; 1007.00;   12.6;   71.00;   17.6;    8.4;    5.4;eor
       3126;20240613;   10;   8.7;   1.9;    9;   0.0;   0;   11.400;   0;   4.3;   9.5; 1007.30;   13.8;   63.00;   18.9;    7.5;    4.1;eor
       3126;20240614;   10;   9.9;   2.7;    9;   1.0;   6;    1.000;   0;   7.7;  12.3; 1001.30;   15.4;   69.00;   20.3;   11.0;    9.8;eor
       3126;20240615;   10;  12.6;   3.3;    9;   2.2;   6;    7.000;   0;   5.5;  12.9;  996.30;   16.7;   70.00;   21.8;   11.7;    7.9;eor
       3126;20240616;   10;   9.9;   3.0;    9;   0.0;   6;    9.400;   0;   6.2;  12.0;  999.30;   18.3;   59.00;   23.8;   11.0;    6.5;eor
       3126;20240617;   10;   8.8;   2.2;    9;   3.6;   6;    6.800;   0;   6.3;  15.1; 1002.30;   18.3;   72.00;   24.1;   13.4;    9.4;eor
       3126;20240618;   10;   7.9;   1.6;    9;   5.6;   6;    7.500;   0;   5.9;  17.5; 1003.40;   19.8;   78.00;   26.1;   13.2;   10.0;eor
       3126;20240619;   10;   6.8;   1.9;    9;   1.2;   6;    2.600;   0;   6.3;  15.8; 1006.70;   15.9;   88.00;   19.7;   10.7;    7.5;eor
       3126;20240620;   10;   6.6;   1.5;    9;   0.0;   6;    8.500;   0;   4.5;  13.3; 1011.00;   17.3;   69.00;   23.3;    8.8;    5.8;eor
       3126;20240621;   10;   7.3;   1.6;    9;   4.3;   6;    2.700;   0;   6.2;  20.3; 1002.30;   20.3;   84.00;   23.7;   15.4;   12.9;eor
       3126;20240622;   10;  10.6;   3.1;    9;   0.0;   6;    5.900;   0;   5.5;  15.3; 1001.40;   18.9;   72.00;   24.2;   14.5;   11.2;eor
       3126;20240623;   10;   8.7;   2.2;    9;   0.0;   0;    7.900;   0;   3.4;  14.7; 1008.20;   18.5;   71.00;   24.0;   13.0;   10.0;eor
       3126;20240624;   10;   5.8;   1.5;    9;   0.0;   0;   12.300;   0;   2.6;  14.1; 1010.20;   20.0;   63.00;   26.5;   12.2;    8.7;eor
       3126;20240625;   10;   8.6;   2.3;    9;   0.0;   0;   14.900;   0;   0.1;  14.9; 1007.20;   22.2;   59.00;   28.4;   12.8;   10.0;eor
       3126;20240626;   10;   8.4;   2.3;    9;   0.0;   0;   13.600;   0;   1.6;  18.3; 1001.90;   25.2;   59.00;   32.1;   14.9;   11.6;eor
       3126;20240627;   10;   8.8;   1.9;    9;   0.6;   6;    7.700;   0;   5.1;  21.4;  998.80;   24.7;   71.00;   31.8;   18.4;   16.1;eor
       3126;20240628;   10;  13.0;   2.6;    9;   0.0;   0;   10.700;   0;   2.3;  16.9; 1003.40;   22.1;   65.00;   27.2;   14.3;    9.9;eor
       3126;20240629;   10;   7.4;   1.7;    9;   3.4;   6;   10.600;   0;   2.8;  15.2; 1004.10;   23.1;   56.00;   30.1;   11.9;    8.6;eor
       3126;20240630;   10;  13.2;   3.0;    9;   0.3;   6;    1.900;   0;   7.5;  19.7;  996.00;   20.5;   82.00;   27.2;   16.8;   15.8;eor
       3126;20240701;   10;  10.9;   2.4;    9;   5.1;   6;    2.500;   0;   7.3;  15.4; 1001.80;   16.5;   82.00;   21.3;   13.4;   11.9;eor
       3126;20240702;   10;  10.9;   3.5;    9;   1.3;   6;    0.600;   0;   7.8;  14.3; 1001.80;   14.9;   84.00;   18.5;   12.2;   11.3;eor
       3126;20240703;   10;   7.4;   2.5;    9;   0.0;   6;    0.500;   0;   7.9;  12.1;  999.40;   14.8;   73.00;   19.2;   12.0;   10.6;eor
       3126;20240704;   10;  11.4;   3.0;    9;   2.3;   6;    4.500;   0;   5.3;  12.9;  997.00;   15.1;   76.00;   20.7;   10.2;    6.1;eor
       3126;20240705;   10;  10.4;   3.3;    9;   0.0;   0;    5.800;   0;   7.3;  11.7; 1000.40;   17.1;   61.00;   20.9;   11.1;    7.9;eor
       3126;20240706;   10;  15.8;   3.7;    9;   3.8;   6;    7.800;   0;   5.6;  16.3;  994.70;   20.5;   69.00;   30.8;   13.0;    9.5;eor
       3126;20240707;   10;   9.5;   2.8;    9;   0.0;   0;   13.200;   0;   4.1;  10.6; 1003.50;   18.1;   54.00;   23.7;   12.3;    9.2;eor
       3126;20240708;   10;   9.4;   2.1;    9;   0.0;   4;    8.500;   0;   5.3;  12.2; 1007.70;   20.4;   54.00;   26.4;   11.2;    7.0;eor
       3126;20240709;   10;   9.6;   2.1;    9;   0.0;   0;   14.500;   0;   2.6;  15.7; 1006.70;   25.6;   50.00;   32.2;   15.3;   12.6;eor
       3126;20240710;   10;   9.2;   1.9;    9;   4.3;   6;    5.600;   0;   5.2;  20.7; 1004.70;   23.4;   73.00;   28.0;   19.7;   17.0;eor
       3126;20240711;   10;  11.9;   1.5;    9;   0.6;   6;    6.700;   0;   5.6;  19.3; 1006.40;   21.4;   77.00;   26.3;   17.6;   15.4;eor
       3126;20240712;   10;   8.7;   1.8;    9;  10.2;   6;    0.400;   0;   7.0;  20.6; 1001.10;   20.4;   86.00;   25.0;   14.7;   13.4;eor
       3126;20240713;   10;  10.7;   3.0;    9;   0.0;   0;    6.600;   0;   5.0;  13.2; 1001.70;   17.8;   67.00;   23.4;   12.8;    9.7;eor
       3126;20240714;   10;  10.5;   1.4;    9;   0.9;   6;    8.900;   0;   6.0;  13.7; 1003.50;   19.0;   65.00;   25.0;   12.0;    9.5;eor
       3126;20240715;   10;   6.4;   1.5;    9;   3.4;   6;   13.300;   0;   2.8;  13.9; 1002.50;   22.4;   55.00;   29.3;   13.2;   10.5;eor
       3126;20240716;   10;  13.3;   3.0;    9;   0.5;   6;    6.300;   0;   5.3;  17.3; 1001.40;   21.3;   69.00;   28.6;   15.5;   13.0;eor
       3126;20240717;   10;  11.2;   3.1;    9;   0.0;   6;    4.200;   0;   5.0;  15.1; 1009.30;   18.8;   70.00;   23.7;   13.9;   10.5;eor
       3126;20240718;   10;   4.5;   1.2;    9;   0.0;   0;   11.300;   0;   2.9;  15.2; 1013.20;   20.8;   65.00;   27.3;   12.7;    9.5;eor
       3126;20240719;   10;   5.4;   1.4;    9;   0.0;   0;   10.500;   0;   3.4;  15.3; 1010.10;   23.3;   58.00;   30.1;   13.7;   10.9;eor
       3126;20240720;   10;   7.3;   1.9;    9;   0.0;   0;   12.200;   0;   2.3;  16.4; 1001.80;   24.8;   56.00;   32.1;   14.5;   11.9;eor
       3126;20240721;   10;  13.7;   1.8;    9;   7.6;   6;    8.200;   0;   3.5;  19.5;  998.10;   23.3;   71.00;   33.2;   17.0;   14.9;eor
       3126;20240722;   10;  12.4;   3.1;    9;   0.0;   0;    7.800;   0;   4.7;  16.9; 1004.50;   20.5;   71.00;   24.5;   14.9;   11.4;eor
       3126;20240723;   10;  10.6;   2.0;    9;   3.4;   6;    5.700;   0;   6.5;  16.7; 1006.20;   20.2;   73.00;   28.7;   15.0;   12.3;eor
       3126;20240724;   10;   9.7;   2.4;    9;   0.0;   6;    5.200;   0;   5.7;  15.8; 1007.30;   18.6;   75.00;   23.6;   12.7;    9.9;eor
       3126;20240725;   10;   6.0;   1.3;    9;   0.0;   0;   11.400;   0;   3.6;  13.1; 1005.30;   18.8;   64.00;   25.6;   11.0;    7.7;eor
       3126;20240726;   10;   8.4;   1.7;    9;   6.3;   6;    1.400;   0;   7.8;  16.5; 1001.70;   20.5;   69.00;   25.2;   15.6;   13.2;eor
       3126;20240727;   10;   6.0;   1.6;    9;  21.7;   6;    0.500;   0;   7.5;  20.2; 1004.00;   20.1;   86.00;   23.9;   17.2;   16.7;eor
       3126;20240728;   10;   9.7;   2.2;    9;   0.2;   6;    8.200;   0;   4.0;  15.9; 1011.30;   18.9;   75.00;   24.5;   12.7;    9.9;eor
       3126;20240729;   10;   6.0;   1.4;    9;   0.0;   0;   14.000;   0;   0.0;  12.8; 1014.50;   18.6;   63.00;   25.0;   11.1;    8.2;eor
       3126;20240730;   10;   6.9;   1.5;    9;   0.0;   0;   13.800;   0;   1.8;  14.6; 1008.20;   21.8;   60.00;   30.1;   11.4;    8.8;eor
       3126;20240731;   10;   6.1;   1.3;    9;   0.0;   6;    9.000;   0;   4.1;  17.3; 1004.20;   23.2;   64.00;   31.0;   15.3;   13.0;eor
       3126;20240801;   10;   7.2;   1.8;    9;  12.6;   6;   10.400;   0;   3.4;  17.5; 1001.60;   23.7;   62.00;   29.5;   16.1;   13.9;eor
       3126;20240802;   10;   7.0;   1.9;    9;   0.5;   6;    3.700;   0;   6.7;  17.6; 1001.20;   19.6;   78.00;   24.1;   16.0;   14.1;eor
       3126;20240803;   10;   6.3;   1.3;    9;  10.6;   6;   11.600;   0;   4.0;  16.6; 1001.20;   21.5;   67.00;   27.9;   14.6;   12.5;eor
       3126;20240804;   10;  11.7;   2.9;    9;   0.0;   0;    5.800;   0;   6.2;  17.1; 1002.20;   20.1;   73.00;   24.2;   14.3;   12.7;eor
       3126;20240805;   10;   5.6;   1.5;    9;   0.0;   0;    7.600;   0;   4.9;  13.7; 1005.60;   18.4;   67.00;   24.0;   11.8;    9.5;eor
       3126;20240806;   10;   6.6;   1.8;    9;   0.0;   0;   13.500;   0;   1.3;  14.8; 1003.40;   21.4;   61.00;   27.9;   12.9;   10.5;eor
       3126;20240807;   10;  10.3;   1.6;    9;   0.0;   6;    8.900;   0;   4.5;  17.6; 1001.00;   22.8;   66.00;   30.8;   15.1;   11.8;eor
       3126;20240808;   10;   6.0;   1.5;    9;   0.0;   0;    3.100;   0;   5.8;  16.2; 1005.80;   19.5;   73.00;   23.6;   15.2;   11.6;eor
       3126;20240809;   10;  11.7;   3.4;    9;   0.4;   6;    0.700;   0;   6.9;  17.6; 1005.10;   20.2;   75.00;   25.4;   14.7;   11.1;eor
       3126;20240810;   10;  11.0;   2.3;    9;   0.0;   6;   11.800;   0;   2.9;  16.7; 1009.20;   21.3;   69.00;   26.7;   15.4;   11.2;eor
       3126;20240811;   10;   5.9;   1.6;    9;   0.0;   0;    8.700;   0;   3.8;  15.4; 1011.10;   21.6;   61.00;   27.3;   14.9;   11.2;eor
       3126;20240812;   10;   5.9;   1.4;    9;   0.0;   0;   13.100;   0;   2.9;  14.7; 1005.90;   22.0;   59.00;   29.4;   12.5;    9.4;eor
       3126;20240813;   10;   6.9;   2.0;    9;   0.0;   0;   11.600;   0;   2.5;  15.9; 1002.10;   25.5;   51.00;   33.9;   15.7;   12.6;eor
       3126;20240814;   10;   8.7;   1.8;    9;   0.6;   6;   10.200;   0;   5.2;  19.0; 1001.10;   25.4;   59.00;   31.2;   18.7;   16.3;eor
       3126;20240815;   10;   8.3;   2.1;    9;   0.0;   0;    8.200;   0;   3.8;  20.7; 1005.30;   23.3;   74.00;   28.3;   17.6;   13.9;eor
       3126;20240816;   10;   8.9;   2.2;    9;   0.3;   6;    9.000;   0;   4.5;  18.2; 1004.90;   23.4;   66.00;   29.6;   17.3;   13.8;eor
       3126;20240817;   10;  10.0;   1.6;    9;   0.3;   6;    3.700;   0;   6.5;  20.6; 1002.50;   22.1;   79.00;   28.4;   17.4;   16.0;eor
       3126;20240818;   10;   8.3;   1.9;    9;   1.6;   6;    0.000;   0;   7.6;  19.0; 1000.90;   18.8;   87.00;   21.9;   16.5;   15.3;eor
       3126;20240819;   10;   6.0;   1.5;    9;   0.0;   0;    8.700;   0;   3.0;  14.1; 1007.70;   17.9;   71.00;   23.6;   12.0;    8.6;eor
       3126;20240820;   10;   7.0;   1.8;    9;   1.7;   6;   10.400;   0;   3.1;  15.9; 1003.40;   21.2;   66.00;   28.7;   11.1;    7.2;eor
       3126;20240821;   10;  13.2;   4.0;    9;   0.1;   6;    8.600;   0;   4.1;  13.5; 1003.40;   19.2;   61.00;   22.4;   14.2;   10.8;eor
       3126;20240822;   10;   9.7;   3.2;    9;   0.0;   6;    8.100;   0;   6.9;  12.3; 1002.90;   19.6;   55.00;   25.1;   13.9;   12.2;eor
       3126;20240823;   10;  13.1;   4.0;    9;   0.0;   0;   10.900;   0;   4.5;  14.0;  999.30;   23.0;   53.00;   30.5;   14.9;   10.9;eor
       3126;20240824;   10;  12.6;   3.3;    9;   0.7;   6;   11.400;   0;   1.6;  17.7; 1000.10;   26.3;   55.00;   33.3;   18.1;   14.7;eor
       3126;20240825;   10;  12.9;   3.2;    9;   0.0;   0;    7.200;   0;   4.0;  13.9; 1007.90;   19.2;   64.00;   23.6;   11.1;    6.7;eor
       3126;20240826;   10;   6.1;   1.3;    9;   0.0;   0;   11.100;   0;   1.1;  10.9; 1012.60;   17.9;   58.00;   25.7;    9.2;    5.2;eor
       3126;20240827;   10;   6.4;   1.7;    9;   0.0;   0;   12.400;   0;   0.8;  12.0; 1013.00;   20.0;   56.00;   28.2;   10.3;    5.9;eor
       3126;20240828;   10;   7.9;   1.9;    9;   0.0;   0;   12.300;   0;   0.1;  16.7; 1008.50;   22.9;   62.00;   31.5;   12.1;    8.8;eor
       3126;20240829;   10;   9.1;   1.9;    9;   0.0;   0;   10.700;   0;   2.6;  19.1; 1006.30;   26.3;   60.00;   34.4;   16.5;   11.9;eor
       3126;20240830;   10;   9.0;   2.3;    9;   5.1;   6;    1.900;   0;   7.5;  18.7; 1011.00;   19.8;   81.00;   23.2;   15.4;   14.6;eor
       3126;20240831;   10;   7.9;   2.3;    9;   0.0;   0;    5.100;   0;   5.6;  15.0; 1014.70;   18.9;   70.00;   23.6;   15.0;   14.4;eor
       3126;20240901;   10;   8.1;   2.7;    9;   0.0;   0;   12.100;   0;   0.5;  14.0; 1010.00;   21.2;   58.00;   27.4;   14.9;   13.3;eor
       3126;20240902;   10;   5.7;   1.7;    9;   0.0;   0;   10.800;   0;   2.9;  14.6; 1005.00;   21.5;   59.00;   29.4;   12.7;   10.4;eor
       3126;20240903;   10;   7.9;   1.6;    9;   0.0;   0;   10.900;   0;   4.6;  18.5; 1004.30;   23.8;   66.00;   32.3;   15.3;   13.1;eor
       3126;20240904;   10;   9.8;   1.5;    9;   0.0;   6;    9.700;   0;   1.7;  20.3; 1003.60;   24.9;   68.00;   33.7;   17.0;   14.4;eor
       3126;20240905;   10;  14.1;   3.4;    9;   0.0;   0;   11.500;   0;   0.4;  15.5; 1002.90;   25.6;   52.00;   33.1;   17.1;   13.4;eor
       3126;20240906;   10;   8.6;   2.8;    9;   0.0;   0;   11.000;   0;   1.5;  12.4; 1003.50;   24.4;   42.00;   31.0;   16.7;   12.4;eor
       3126;20240907;   10;   8.9;   2.0;    9;   0.0;   0;   11.300;   0;   1.9;  14.9; 1002.80;   23.2;   56.00;   31.8;   14.0;   10.7;eor
       3126;20240908;   10;   9.7;   1.8;    9;  27.4;   6;    8.600;   0;   6.3;  17.3;  998.10;   23.4;   63.00;   33.0;   15.1;   11.8;eor
       3126;20240909;   10;   8.6;   2.6;    9;   3.4;   6;    2.700;   0;   7.0;  17.3;  993.10;   18.5;   82.00;   22.6;   16.9;   15.7;eor
       3126;20240910;   10;   9.4;   3.7;    9;   0.7;   6;    5.300;   0;   6.4;  13.4;  998.30;   16.8;   70.00;   19.7;   13.8;   11.9;eor
       3126;20240911;   10;  11.8;   3.5;    9;   0.1;   6;    1.800;   0;   6.7;  11.5;  994.60;   13.9;   72.00;   16.6;    8.6;    5.1;eor
       3126;20240912;   10;   7.6;   1.9;    9;   0.0;   6;    7.500;   0;   3.8;   9.4; 1002.60;   10.7;   74.00;   16.1;    6.4;    2.5;eor
       3126;20240913;   10;  11.9;   2.8;    9;   0.0;   0;    0.200;   0;   7.8;  10.0; 1009.50;   11.5;   74.00;   15.5;    6.3;    3.3;eor
       3126;20240914;   10;  12.3;   3.7;    9;   0.0;   0;    8.200;   0;   4.3;   9.4; 1015.20;   12.5;   66.00;   17.5;    8.3;    4.6;eor
       3126;20240915;   10;  12.7;   3.1;    9;   0.0;   6;    9.100;   0;   4.5;  10.0; 1013.80;   13.5;   66.00;   18.9;    6.8;    4.1;eor
       3126;20240916;   10;   9.3;   2.8;    9;   0.2;   6;    0.800;   0;   7.8;  12.3; 1012.10;   14.7;   73.00;   18.4;   12.2;   11.0;eor
       3126;20240917;   10;   8.4;   3.1;    9;   0.0;   0;    6.500;   0;   4.0;  16.3; 1016.70;   18.3;   78.00;   24.0;   14.9;   13.8;eor
       3126;20240918;   10;   7.1;   2.7;    9;   0.0;   0;    6.500;   0;   4.2;  16.6; 1018.50;   18.1;   81.00;   24.0;   14.3;   13.0;eor
       3126;20240919;   10;   9.9;   3.1;    9;   0.0;   6;    5.300;   0;   5.3;  15.3; 1016.10;   18.4;   74.00;   24.1;   14.5;   12.8;eor
       3126;20240920;   10;  10.8;   2.7;    9;   0.0;   0;   10.900;   0;   0.7;  11.0; 1014.90;   18.2;   55.00;   24.5;   10.8;    7.0;eor
       3126;20240921;   10;   9.0;   2.0;    9;   0.0;   0;   10.900;   0;   0.0;  11.3; 1012.20;   16.5;   64.00;   25.1;    8.3;    5.1;eor
       3126;20240922;   10;   4.0;   1.1;    9;   0.0;   0;   10.400;   0;   2.4;  12.0; 1006.20;   16.0;   70.00;   25.4;    7.7;    4.2;eor
       3126;20240923;   10;   5.8;   1.4;    9;   6.4;   6;    6.900;   0;   7.8;  14.0;  999.20;   18.1;   70.00;   25.7;    9.9;    6.5;eor
       3126;20240924;   10;   9.2;   2.4;    9;  12.6;   6;    0.900;   0;   6.3;  15.7;  994.50;   16.0;   86.00;   18.7;   13.8;   11.2;eor
       3126;20240925;   10;   9.4;   2.7;    9;   7.0;   6;    0.500;   0;   7.1;  15.0;  995.00;   15.6;   85.00;   18.6;   12.9;   10.4;eor
       3126;20240926;   10;  11.3;   4.0;    9;   3.9;   6;    0.000;   0;   7.2;  15.5;  984.90;   16.8;   81.00;   19.7;   14.3;   12.8;eor
       3126;20240927;   10;  14.0;   5.6;    9;   0.7;   6;    5.900;   0;   4.9;  11.8;  988.20;   15.8;   66.00;   19.1;   12.7;   10.5;eor
       3126;20240928;   10;  12.3;   3.5;    9;   0.5;   6;    6.100;   0;   3.4;  10.2; 1005.00;   11.4;   76.00;   15.5;    6.8;    3.4;eor
       3126;20240929;   10;   7.2;   1.9;    9;   0.0;   0;    9.200;   0;   3.4;   9.1; 1017.00;   10.4;   73.00;   16.0;    6.1;    2.7;eor
       3126;20240930;   10;  11.8;   3.4;    9;  12.0;   6;    6.700;   0;   7.1;   9.0; 1008.90;   11.7;   67.00;   16.3;    7.7;    6.0;eor
       3126;20241001;   10;   8.8;   2.0;    9;  11.3;   6;    1.100;   0;   7.5;  13.4;  999.40;   12.7;   92.00;   18.1;    9.6;    9.0;eor
       3126;20241002;   10;   8.4;   2.7;    9;   3.6;   6;    0.000;   0;   8.0;  12.0; 1000.40;   10.3;   96.00;   11.7;    8.8;    8.3;eor
       3126;20241003;   10;   7.3;   2.6;    9;   0.6;   6;    0.000;   0;   7.9;  11.4; 1006.50;   10.5;   90.00;   12.4;    9.1;    8.2;eor
       3126;20241004;   10;   8.0;   2.7;    9;   0.0;   6;    3.700;   0;   7.0;  10.9; 1009.60;   11.6;   80.00;   15.6;    7.8;    4.4;eor
       3126;20241005;   10;   5.3;   1.5;    9;   0.0;   0;    0.700;   0;   7.2;  10.6; 1009.30;   10.2;   86.00;   14.6;    6.3;    2.8;eor
       3126;20241006;   10;   6.1;   1.9;    9;   0.0;   6;    6.100;   0;   4.7;  10.6; 1002.40;   10.2;   85.00;   13.4;    7.2;    5.5;eor
       3126;20241007;   10;   6.3;   2.1;    9;   2.6;   6;    1.700;   0;   6.1;  12.7;  995.80;   11.7;   91.00;   17.2;    6.3;    4.5;eor
       3126;20241008;   10;   6.8;   1.9;    9;  10.1;   6;    1.000;   0;   7.6;  16.6;  992.10;   15.6;   94.00;   20.7;   11.7;    9.7;eor
       3126;20241009;   10;  10.4;   2.7;    9;   3.3;   6;    3.000;   0;   6.9;  14.9;  984.90;   15.4;   85.00;   19.1;   12.8;   10.2;eor
       3126;20241010;   10;  15.8;   4.5;    9;   1.6;   6;    1.700;   0;   6.3;  13.4;  983.80;   14.3;   81.00;   18.6;    6.5;    2.9;eor
       3126;20241011;   10;   8.2;   2.5;    9;   0.0;   0;    7.800;   0;   2.1;   8.9; 1004.70;    9.2;   78.00;   13.6;    3.7;    0.0;eor
       3126;20241012;   10;   9.0;   2.6;    9;   3.9;   6;    5.400;   0;   4.3;   8.8; 1005.30;    8.2;   81.00;   13.5;    1.9;   -1.9;eor
       3126;20241013;   10;  17.5;   5.7;    9;   0.0;   6;    5.400;   0;   4.5;   9.7;  999.70;   10.2;   78.00;   13.3;    7.9;    5.7;eor
       3126;20241014;   10;   6.5;   2.1;    9;   0.0;   0;    1.500;   0;   6.5;   9.0; 1008.50;    9.0;   79.00;   13.3;    4.6;    0.4;eor
       3126;20241015;   10;   5.2;   1.5;    9;   0.0;   0;    9.200;   0;   0.8;   8.2; 1013.80;    7.6;   81.00;   13.6;    2.2;   -1.3;eor
       3126;20241016;   10;  10.5;   3.1;    9;   0.0;   0;    8.600;   0;   3.2;   9.3; 1009.90;   10.2;   75.00;   16.2;    3.7;   -0.3;eor
       3126;20241017;   10;   8.4;   3.0;    9;   0.0;   0;    5.700;   0;   4.1;  11.5; 1005.70;   12.7;   78.00;   19.1;    8.4;    6.9;eor
       3126;20241018;   10;   6.2;   1.4;    9;   0.0;   6;    7.100;   0;   3.3;  11.9; 1005.40;   12.0;   85.00;   17.4;    7.3;    4.8;eor
       3126;20241019;   10;   7.2;   2.2;    9;   0.0;   0;    2.200;   0;   6.7;  14.0; 1006.90;   14.1;   87.00;   18.7;   10.0;    8.5;eor
       3126;20241020;   10;   8.3;   2.1;    9;   0.8;   6;    6.600;   0;   6.6;  14.1; 1011.10;   14.9;   84.00;   19.8;   10.5;    7.5;eor
       3126;20241021;   10;   8.0;   2.2;    9;   0.3;   6;    0.300;   0;   7.8;  15.7; 1013.10;   16.3;   85.00;   19.7;   13.6;   12.3;eor
       3126;20241022;   10;  12.6;   2.6;    9;   0.0;   0;    4.300;   0;   4.1;  12.6; 1016.10;   13.1;   83.00;   17.0;    8.1;    3.8;eor
       3126;20241023;   10;   7.0;   1.5;    9;   0.0;   0;    8.400;   0;   0.3;  10.5; 1024.60;   10.5;   84.00;   16.6;    5.4;    1.3;eor
       3126;20241024;   10;   6.5;   1.7;    9;   0.0;   0;    8.600;   0;   0.8;  10.3; 1018.50;    9.9;   85.00;   17.3;    2.4;   -0.7;eor
       3126;20241025;   10;   6.4;   1.8;    9;   0.0;   0;    8.500;   0;   1.7;  12.6; 1010.70;   13.1;   84.00;   20.7;    7.9;    4.1;eor
       3126;20241026;   10;   4.9;   1.3;    9;   0.0;   0;    8.400;   0;   3.6;  13.3; 1009.80;   13.1;   88.00;   19.3;    7.9;    4.3;eor
       3126;20241027;   10;   9.3;   2.1;    9;   0.0;   0;    1.300;   0;   3.7;  12.1; 1009.90;   11.1;   92.00;   17.7;    7.3;    3.0;eor
       3126;20241028;   10;   8.8;   1.8;    9;   2.0;   6;    0.600;   0;   7.0;  13.3; 1013.60;   13.0;   89.00;   17.9;    7.3;    3.0;eor
       3126;20241029;   10;   5.6;   1.8;    9;   0.0;   6;    0.200;   0;   8.0;  13.8; 1014.20;   13.6;   89.00;   16.3;   11.0;    9.2;eor
       3126;20241030;   10;   6.5;   1.9;    9;   0.1;   6;    0.400;   0;   7.5;  13.8; 1016.20;   13.6;   88.00;   16.0;    9.3;    5.5;eor
       3126;20241031;   10;   7.6;   2.0;    9;   0.0;   0;    0.000;   0;   5.5;  11.6; 1016.50;   10.9;   89.00;   14.5;    7.9;    3.2;eor
       3126;20241101;    3;  10.6;   3.4;    3;   0.5;   6;    0.000;   0;   6.6;  11.2; 1012.30;   10.7;   87.00;   12.8;    6.7;    2.9;eor
       3126;20241102;    3;   9.9;   1.9;    3;   0.0;   0;    4.600;   0;   4.0;   8.7; 1020.40;    7.6;   82.00;   11.5;    1.0;   -2.3;eor
       3126;20241103;    3;   4.3;   1.1;    3;   0.2;   6;    7.600;   0;   1.0;   7.1; 1020.70;    4.0;   88.00;   11.5;   -1.0;   -3.6;eor
       3126;20241104;    3;   5.5;   1.6;    3;   0.1;   6;    0.000;   0;   7.5;   9.6; 1020.20;    7.4;   93.00;    9.7;    1.4;   -2.4;eor
       3126;20241105;    3;   4.9;   1.6;    3;   0.0;   0;    0.000;   0;   8.0;   9.4; 1016.60;    7.5;   91.00;    8.4;    6.2;    6.0;eor
       3126;20241106;    3;   3.2;   0.9;    3;   0.4;   6;    0.000;   0;   8.0;   9.1; 1020.40;    6.1;   96.00;    6.6;    5.7;    5.4;eor
       3126;20241107;    3;   5.1;   1.3;    3;   0.1;   6;    0.000;   0;   8.0;   8.1; 1024.20;    5.1;   92.00;    5.8;    4.0;    3.5;eor
       3126;20241108;    3;   7.3;   2.4;    3;   0.0;   0;    0.000;   0;   8.0;   7.8; 1021.10;    5.4;   87.00;    6.3;    3.9;    3.5;eor
       3126;20241109;    3;   6.5;   1.9;    3;   0.0;   0;    0.000;   0;   7.0;   7.6; 1017.90;    4.0;   93.00;    6.0;    0.9;   -1.8;eor
       3126;20241110;    3;   3.5;   1.0;    3;   0.0;   6;    0.000;   0;   8.0;   7.0; 1018.50;    2.1;   99.00;    3.7;    1.0;    0.9;eor
       3126;20241111;    3;   5.4;   1.4;    3;   2.0;   6;    0.000;   0;   8.0;   9.6; 1016.80;    6.7;   97.00;    8.7;    3.7;    3.5;eor
       3126;20241112;    3;   6.5;   1.9;    3;   0.0;   6;    0.000;   0;   7.9;   8.8; 1021.50;    6.5;   91.00;    8.0;    5.3;    4.5;eor
       3126;20241113;    3;   6.4;   1.6;    3;   0.0;   6;    0.000;   0;   7.8;   8.9; 1019.20;    6.6;   92.00;    8.4;    4.8;    1.5;eor
       3126;20241114;    3;   9.4;   2.5;    3;   0.1;   6;    0.000;   0;   7.9;   9.8; 1013.30;    8.3;   90.00;   10.1;    5.1;    4.8;eor
       3126;20241115;    3;   8.0;   2.3;    3;   0.0;   0;    0.000;   0;   7.9;   9.2; 1014.60;    8.9;   81.00;   10.7;    7.9;    6.8;eor
       3126;20241116;    3;   8.7;   3.6;    3;   1.1;   6;    0.000;   0;   8.0;   7.6; 1007.20;    7.3;   75.00;    7.9;    6.7;    5.4;eor
       3126;20241117;    3;  12.9;   4.3;    3;   1.0;   6;    0.400;   0;   6.0;   8.0;  996.90;    6.4;   83.00;    7.9;    4.5;    2.7;eor
       3126;20241118;    3;  12.5;   4.3;    3;   1.7;   6;    3.300;   0;   4.5;   6.6;  997.10;    4.5;   79.00;    7.2;    1.3;   -2.0;eor
       3126;20241119;    3;  12.1;   3.4;    3;  15.3;   8;    0.000;   0;   6.8;   7.8;  983.70;    4.5;   91.00;   12.2;    1.4;    0.2;eor
       3126;20241120;    3;  12.1;   3.9;    3;   1.7;   6;    0.000;   0;   7.1;   6.5;  985.80;    2.8;   87.00;    3.8;    1.8;    0.6;eor
       3126;20241121;    3;  11.6;   3.6;    3;   0.8;   8;    1.400;   0;   6.4;   5.5;  986.10;    2.1;   78.00;    3.8;    1.3;   -0.8;eor
       3126;20241122;    3;  10.6;   3.8;    3;   0.3;   6;    2.300;   0;   5.8;   5.8;  988.90;    2.2;   81.00;    4.2;    0.3;   -1.8;eor
       3126;20241123;    3;  11.2;   4.2;    3;   3.3;   6;    5.400;   0;   3.0;   5.8; 1006.10;    3.1;   75.00;    6.0;    0.3;   -1.7;eor
       3126;20241124;    3;  11.7;   4.9;    3;   0.0;   6;    0.000;   0;   7.1;   9.5; 1000.60;   10.9;   73.00;   15.6;    3.4;    2.2;eor
       3126;20241125;    3;  10.0;   4.0;    3;   0.5;   6;    0.300;   0;   7.7;   9.9;  998.50;   12.9;   67.00;   15.7;    9.5;    7.5;eor
       3126;20241126;    3;   8.7;   2.6;    3;   0.0;   6;    3.300;   0;   6.1;   9.4; 1006.70;    9.2;   81.00;   11.8;    6.2;    1.9;eor
       3126;20241127;    3;  11.6;   3.4;    3;   1.9;   6;    2.200;   0;   6.4;   8.9; 1006.70;    7.5;   86.00;   11.0;    3.3;   -0.9;eor
       3126;20241128;    3;  20.5;   6.7;    3;   1.9;   6;    0.000;   0;   7.4;   8.1; 1004.60;    6.7;   82.00;    9.9;    5.5;    4.4;eor
       3126;20241129;    3;   6.9;   1.6;    3;   0.0;   0;    0.000;   0;   7.4;   7.1; 1022.70;    5.3;   80.00;    6.3;    0.5;   -3.4;eor
       3126;20241130;    3;   7.6;   2.5;    3;   0.0;   0;    6.400;   0;   2.3;   5.9; 1021.00;    1.5;   86.00;    5.6;   -1.4;   -4.8;eor
       3126;20241201;    3;   6.0;   2.1;    3;   0.0;   0;    6.400;   0;   0.3;   5.4; 1013.03;    0.4;   86.08;    5.5;   -3.9;   -7.0;eor
       3126;20241202;    3;   8.4;   3.0;    3;   0.1;   6;    0.933;   0;   6.6;   7.6; 1004.61;    5.1;   84.88;    9.1;   -0.2;   -2.5;eor
       3126;20241203;    3;   7.9;   2.5;    3;   1.6;   6;    0.000;   0;   5.9;   8.0; 1004.78;    5.3;   89.79;    8.4;    2.5;   -1.6;eor
       3126;20241204;    3;   8.1;   2.5;    3;   0.8;   6;    0.000;   0;   7.6;   7.6; 1012.42;    4.3;   91.67;    5.0;    3.5;    1.1;eor
       3126;20241205;    3;  11.0;   3.6;    3;  10.3;   6;    5.017;   0;   4.9;   6.0; 1009.49;    2.8;   81.21;    5.6;   -0.7;   -4.0;eor
       3126;20241206;    3;   9.4;   3.3;    3;   2.8;   6;    0.033;   0;   7.3;   8.6;  992.99;    6.3;   90.25;    9.4;    3.6;    2.5;eor
       3126;20241207;    3;   9.2;   3.4;    3;   5.1;   6;    0.000;   0;   7.5;   7.9;  993.89;    4.9;   91.33;    6.9;    3.5;    1.4;eor
       3126;20241208;    3;   8.8;   2.2;    3;   2.4;   6;    0.000;   0;   7.4;   7.6; 1000.42;    3.7;   95.25;    5.7;    0.6;   -2.5;eor
       3126;20241209;    3;  10.3;   3.1;    3;   2.4;   6;    0.000;   0;   7.6;   7.6; 1013.63;    4.0;   92.96;    5.2;    2.3;    1.8;eor
       3126;20241210;    3;   8.5;   2.6;    3;   0.5;   6;    0.000;   0;   7.9;   7.2; 1019.71;    3.5;   91.17;    4.6;    2.6;    2.1;eor
       3126;20241211;    3;   4.0;   1.3;    3;   0.0;   6;-999;   0;   8.0;   6.7; 1020.34;    2.8;   89.00;    3.7;    2.1;    1.6;eor
       3126;20241212;    3;   4.1;   1.2;    3;   0.3;   6;-999;   0;   7.9;   6.7; 1021.36;    2.3;   92.00;    3.0;    1.8;    1.3;eor
       3126;20241213;    3;   7.6;   2.6;    3;   0.0;   0;-999;   0;   6.0;   5.6; 1019.38;    0.6;   87.25;    2.0;   -1.7;   -3.4;eor
       3126;20241214;    3;  11.8;   3.6;    3;   0.5;   8;-999;   0;   7.5;   5.8; 1006.86;    1.3;   86.46;    4.0;   -1.7;   -2.0;eor
       3126;20241215;    3;  15.5;   5.9;    3;   0.7;   6;-999;   0;   7.5;   8.4; 1010.05;    6.4;   86.75;    9.9;    3.9;    2.7;eor
       3126;20241216;    3;  18.4;   7.2;    3;   0.2;   6;-999;   0;   7.5;  10.5; 1013.45;   10.6;   81.58;   11.8;    9.4;    8.4;eor
       3126;20241217;    3;  12.0;   4.2;    3;   0.0;   0;-999;   0;   7.1;   9.1; 1014.75;    8.9;   79.63;   10.2;    4.8;    1.4;eor
       3126;20241218;    3;  11.4;   4.0;    3;   0.1;   6;-999;   0;   7.6;   9.1; 1003.42;    9.5;   76.46;   12.9;    5.2;    3.3;eor
       3126;20241219;    3;  12.3;   5.0;    3;   4.8;   6;-999;   0;   7.3;  10.2;  988.82;   10.5;   79.96;   14.4;    5.3;    3.9;eor
       3126;20241220;    3;  13.6;   5.2;    3;   0.0;   6;-999;   0;   4.3;   6.8; 1003.27;    5.0;   78.08;    6.9;    2.6;    0.2;eor
       3126;20241221;    3;  11.6;   4.7;    3;   1.8;   6;-999;   0;   7.4;   7.5; 1001.25;    5.7;   81.00;    8.0;    2.9;    1.1;eor
       3126;20241222;    3;  10.8;   4.3;    3;   1.4;   6;-999;   0;   6.8;   7.7;  987.02;    5.7;   82.92;    8.8;    3.3;    2.3;eor
       3126;20241223;    3;  12.5;   4.2;    3;   0.0;   6;-999;   0;   4.5;   6.7;  997.35;    3.8;   83.21;    6.4;    1.5;   -0.6;eor
       3126;20241224;    3;   7.6;   2.2;    3;   0.0;   6;-999;   0;   4.2;   6.7; 1014.75;    3.0;   88.29;    6.3;    0.4;   -2.7;eor
       3126;20241225;    3;   3.8;   1.4;    3;   0.9;   6;-999;   0;   7.8;   8.3; 1023.75;    5.0;   93.83;    6.9;    1.6;   -1.7;eor
       3126;20241226;    3;   5.1;   1.4;    3;   0.1;   4;-999;   0;   8.0;   9.2; 1027.18;    5.8;   99.50;    7.2;    3.0;    2.9;eor
       3126;20241227;    3;   4.1;   1.6;    3;   0.0;   0;-999;   0;   8.0;   6.8; 1024.73;    1.5;   99.83;    3.1;   -0.8;   -0.5;eor
       3126;20241228;    3;   3.4;   1.2;    3;   0.0;   0;-999;   0;   8.0;   5.3; 1019.73;   -1.7;   98.58;   -0.6;   -2.9;   -2.8;eor
       3126;20241229;    3;   9.6;   2.4;    3;   0.0;   0;-999;   0;   5.8;   5.6; 1017.07;   -0.3;   93.04;    3.1;   -3.9;   -5.7;eor
       3126;20241230;    1;  11.4;   3.3;    1;   0.0;   0;-999;   0;   5.6;   6.3; 1016.67;    2.3;   86.79;    4.7;   -1.6;   -4.9;eor
       3126;20241231;    1;  11.0;   2.4;    1;   0.0;   0;-999;   0;   2.7;   5.4; 1013.55;    0.5;   85.63;    3.8;   -3.7;   -6.7;eor
       3126;20250101;    1;  16.1;   6.3;    1;   0.4;   6;-999;   0;   8.0;   7.0; 1000.84;    6.1;   73.92;    8.4;    2.4;    0.9;eor
       3126;20250102;    1;  13.5;   4.1;    1;   0.0;   8;-999;   0;   4.0;   6.7;  998.56;    4.2;   80.46;    8.2;    1.6;   -1.6;eor
       3126;20250103;    1;  17.9;   5.6;    1;   1.9;   8;-999;   0;   5.1;   5.6; 1002.41;    1.7;   81.42;    3.8;   -0.7;   -2.9;eor
       3126;20250104;    1;   8.5;   2.5;    1;   0.0;   0;-999;   1;   4.7;   4.9; 1007.51;   -0.7;   84.83;    1.0;   -3.7;   -9.2;eor
       3126;20250105;    1;   9.0;   2.9;    1;  10.4;   8;-999;   1;   6.6;   5.4;  992.74;   -0.9;   92.29;    6.0;   -4.1;   -8.9;eor
       3126;20250106;    1;  17.5;   5.1;    1;   0.3;   6;-999;   0;   5.5;   9.0;  980.31;    9.8;   74.42;   13.1;    5.7;    1.9;eor
       3126;20250107;    1;  17.4;   4.5;    1;   1.6;   8;-999;   0;   4.7;   6.5;  988.07;    4.9;   75.21;    8.0;    0.8;   -2.0;eor
       3126;20250108;    1;  10.8;   3.6;    1;   3.6;   8;-999;   0;   3.7;   5.7;  991.97;    2.3;   78.88;    4.9;    0.1;   -3.5;eor
       3126;20250109;    1;  10.0;   2.7;    1;  14.0;   8;-999;   0;   7.6;   6.2;  989.05;    0.8;   96.33;    1.6;    0.5;    0.0;eor
       3126;20250110;    1;  12.7;   5.0;    1;   2.3;   8;-999;   6;   6.3;   6.0; 1001.93;    1.6;   87.54;    2.9;    0.0;   -3.1;eor
       3126;20250111;    1;  12.9;   4.3;    1;   0.0;   0;-999;   4;   6.0;   4.9; 1009.83;    0.4;   78.29;    2.2;   -1.4;   -4.0;eor
       3126;20250112;    1;   9.9;   2.9;    1;   0.0;   0;-999;   4;   5.2;   4.8; 1023.87;   -0.9;   83.58;    1.6;   -4.4;   -9.9;eor
       3126;20250113;    1;   7.9;   1.6;    1;   0.0;   7;-999;   4;   6.8;   4.3; 1031.06;   -2.5;   85.13;    0.0;   -5.3;  -10.5;eor
       3126;20250114;    1;   9.2;   2.4;    1;   0.2;   6;-999;   4;   7.2;   4.5; 1021.58;   -1.2;   80.21;    3.5;   -6.5;  -11.3;eor
       3126;20250115;    1;   7.2;   2.0;    1;   0.1;   6;-999;   2;   7.8;   7.5; 1020.65;    3.2;   97.25;    4.4;    2.4;    0.9;eor
       3126;20250116;    1;   5.0;   1.7;    1;   0.0;   0;-999;   0;   8.0;   6.9; 1026.95;    2.1;   96.29;    3.1;   -0.4;   -0.2;eor
       3126;20250117;    1;   4.6;   1.7;    1;   0.0;   0;-999;   0;   8.0;   5.7; 1027.55;   -0.9;   99.21;   -0.1;   -2.2;   -1.9;eor
       3126;20250118;    1;   3.7;   1.3;    1;   0.0;   8;-999;   0;   8.0;   5.2; 1023.05;   -2.0;   98.54;   -1.0;   -2.8;   -2.5;eor
       3126;20250119;    1;   4.1;   1.3;    1;   0.0;   8;-999;   0;   5.2;   5.4; 1014.36;   -1.4;   97.75;    0.4;   -2.4;   -4.7;eor
       3126;20250120;    1;   5.1;   1.3;    1;   0.0;   7;-999;   0;   4.5;   5.3; 1008.56;   -1.5;   96.17;   -0.4;   -4.0;   -5.9;eor
       3126;20250121;    1;   5.3;   1.6;    1;   0.0;   0;-999;   0;   8.0;   5.2; 1007.75;   -1.3;   94.42;   -0.7;   -2.7;   -2.6;eor
       3126;20250122;    1;   7.1;   2.3;    1;   0.4;   6;-999;   0;   6.4;   5.5;  999.87;    0.1;   90.00;    3.9;   -3.2;   -3.2;eor
       3126;20250123;    1;  11.7;   3.9;    1;   0.9;   6;-999;   0;   7.2;   6.5;  993.71;    3.9;   80.38;    6.7;    2.1;    0.5;eor
       3126;20250124;    1;  10.6;   3.8;    1;   2.4;   6;-999;   0;   5.5;   7.6;  996.92;    5.6;   82.75;    8.6;    1.8;   -1.0;eor
       3126;20250125;    1;  10.3;   3.2;    1;   6.6;   6;-999;   0;   7.7;   9.4;  995.72;    9.8;   77.83;   14.6;    6.2;    5.5;eor
       3126;20250126;    1;   8.7;   2.3;    1;   0.5;   6;-999;   0;   7.5;   8.6;  995.50;    5.8;   92.79;   10.0;    3.1;    0.5;eor
       3126;20250127;    1;  10.4;   3.5;    1;   1.6;   6;-999;   0;   7.4;   8.9;  987.00;    8.2;   80.75;   12.2;    4.3;    2.7;eor
       3126;20250128;    1;   5.9;   2.5;    1;   0.0;   0;-999;   0;   6.2;   8.4;  987.21;    6.3;   87.50;    8.6;    4.0;   -0.4;eor
       3126;20250129;    1;  14.6;   3.6;    1;   0.7;   6;-999;   0;   6.9;   7.9;  992.72;    6.6;   81.29;   10.1;    3.8;    0.2;eor
       3126;20250130;    1;   8.4;   2.3;    1;   3.6;   6;-999;   0;   7.0;   8.1; 1004.07;    5.6;   88.71;    7.9;    2.5;   -2.1;eor
       3126;20250131;    1;  10.0;   3.2;    1;   0.0;   0;-999;   0;   7.1;   6.6; 1015.81;    4.1;   81.29;    5.9;    2.8;    0.2;eor
       3126;20250201;    1;   4.4;   1.4;    1;   0.0;   0;-999;   0;   5.4;   6.0; 1021.90;    1.4;   89.67;    6.3;   -2.7;   -4.1;eor
       3126;20250202;    1;   3.5;   1.1;    1;   0.0;   0;-999;   0;   6.3;   5.0; 1017.29;   -1.1;   88.71;    4.5;   -4.2;   -5.6;eor
       3126;20250203;    1;   4.3;   1.3;    1;   0.0;   0;-999;   0;   0.3;   5.0; 1017.57;   -0.6;   86.08;    4.8;   -4.5;   -7.3;eor
       3126;20250204;    1;   3.8;   1.2;    1;   0.0;   0;-999;   0;   0.6;   5.1; 1018.03;   -0.6;   87.08;    5.6;   -4.8;   -7.1;eor
       3126;20250205;    1;   6.0;   1.9;    1;   0.0;   6;-999;   0;   6.8;   6.2; 1025.37;    1.7;   88.58;    4.1;   -3.7;   -6.4;eor
       3126;20250206;    1;   7.8;   1.8;    1;   0.0;   6;-999;   0;   8.0;   7.2; 1030.86;    3.4;   92.21;    5.1;    1.8;    0.5;eor
       3126;20250207;    1;  10.6;   3.7;    1;   0.0;   0;-999;   0;   7.7;   5.9; 1024.07;    2.8;   79.42;    3.7;    1.9;    0.6;eor
       3126;20250208;    1;   7.1;   2.6;    1;   0.0;   0;-999;   0;   4.8;   5.6; 1017.42;    2.7;   75.21;    6.7;   -0.2;   -2.6;eor
       3126;20250209;    1;   6.0;   2.0;    1;   0.0;   0;-999;   0;   3.1;   5.2; 1019.97;    0.1;   84.17;    3.7;   -3.6;   -5.6;eor
       3126;20250210;    1;   8.0;   2.5;    1;   0.0;   0;-999;   0;   6.0;   5.2; 1019.56;    0.4;   82.75;    2.6;   -1.1;   -2.8;eor
       3126;20250211;    1;   8.6;   2.6;    1;   0.0;   0;-999;   0;   6.0;   4.3; 1015.61;    0.7;   67.83;    4.1;   -2.4;   -3.7;eor
       3126;20250212;    1;   7.5;   2.7;    1;   0.5;   8;-999;   0;   7.3;   4.4; 1010.26;   -0.9;   76.25;    0.3;   -1.8;   -2.0;eor
       3126;20250213;    1;   6.3;   2.1;    1;   3.2;   7;-999;   0;   7.5;   4.8; 1007.74;   -2.0;   90.50;   -0.3;   -3.0;   -3.0;eor
       3126;20250214;    1;   7.7;   2.1;    1;   0.0;   7;-999;   5;   7.9;   5.6; 1015.13;    0.5;   88.04;    2.4;   -0.5;   -2.0;eor
       3126;20250215;    1;   4.8;   1.1;    1;   0.1;   7;-999;   1;   6.5;   4.9; 1014.88;   -0.3;   83.04;    2.0;   -3.1;   -8.6;eor
       3126;20250216;    1;   6.5;   1.4;    1;   4.9;   7;-999;   1;   7.8;   4.8; 1014.07;   -1.9;   90.75;   -0.4;   -7.2;   -4.4;eor
       3126;20250217;    1;   3.4;   1.0;    1;   0.0;   0;-999;   7;   0.3;   2.9; 1016.78;   -6.8;   79.83;    0.6;  -12.7;  -10.7;eor
       3126;20250218;    1;   3.4;   1.0;    1;   0.0;   0;-999;   5;   0.0;   2.8; 1020.03;   -6.6;   77.04;    0.3;  -12.8;  -11.1;eor
       3126;20250219;    1;   8.1;   2.2;    1;   0.0;   0;-999;   4;   0.0;   3.1; 1019.91;   -3.8;   68.08;    3.3;  -12.1;  -13.1;eor
       3126;20250220;    1;   8.8;   3.1;    1;   0.0;   6;-999;   4;   3.7;   4.3; 1015.40;   -0.3;   69.75;    4.6;   -6.2;  -13.2;eor
       3126;20250221;    1;   6.2;   2.1;    1;   0.0;   0;-999;   1;   4.8;   8.4; 1012.93;    6.5;   85.83;   13.2;    1.7;   -0.7;eor
       3126;20250222;    1;   8.6;   3.3;    1;   0.0;   0;-999;   0;   6.5;   7.5; 1008.75;    6.3;   79.21;   11.3;    2.1;    0.3;eor
       3126;20250223;    1;   7.9;   2.3;    1;   0.0;   0;-999;   0;   3.3;   9.3; 1016.17;    8.8;   82.00;   13.6;    2.7;   -2.0;eor
       3126;20250224;    1;   9.4;   3.0;    1;   2.2;   6;-999;   0;   7.3;   8.7; 1011.00;    8.2;   80.13;   13.3;    2.6;   -1.9;eor
       3126;20250225;    1;   5.2;   1.7;    1;   1.5;   6;-999;   0;   6.0;   9.8; 1004.30;    9.5;   83.79;   14.1;    7.0;    3.4;eor
       3126;20250226;    1;   7.9;   1.9;    1;   2.6;   6;-999;   0;   7.9;   9.5; 1003.47;    7.1;   93.75;    8.8;    5.9;    4.8;eor
       3126;20250227;    1;   8.5;   2.2;    1;   2.6;   6;-999;   0;   6.5;   7.5; 1006.12;    4.7;   88.13;    8.5;    0.2;   -2.5;eor
       3126;20250228;    1;   7.6;   2.0;    1;   0.6;   6;-999;   0;   7.0;   7.3; 1011.90;    3.8;   90.83;    7.0;    0.1;   -2.2;eor
       3126;20250301;    1;   6.8;   2.0;    1;   0.0;   0;-999;   0;   5.0;   7.0; 1020.65;    4.0;   86.42;    8.9;    0.0;   -3.3;eor
       3126;20250302;    1;   7.3;   2.3;    1;   0.0;   0;-999;   0;   3.7;   6.3; 1023.07;    3.8;   80.17;    9.3;    0.0;   -3.4;eor
       3126;20250303;    1;   6.6;   1.9;    1;   0.0;   0;-999;   0;   2.1;   5.8; 1018.85;    4.0;   73.13;   10.7;   -0.9;   -4.1;eor
       3126;20250304;    1;   6.4;   1.9;    1;   0.0;   0;-999;   0;   3.4;   5.7; 1015.70;    5.2;   67.50;   13.2;   -2.1;   -4.7;eor
       3126;20250305;    1;   6.8;   1.9;    1;   0.0;   0;-999;   0;   0.0;   6.1; 1013.39;    6.8;   64.71;   16.9;   -1.8;   -5.2;eor
       3126;20250306;    1;   6.6;   1.8;    1;   0.0;   0;-999;   0;   1.0;   6.6; 1009.95;    8.3;   63.79;   17.7;   -1.0;   -4.5;eor
       3126;20250307;    1;   5.7;   1.6;    1;   0.0;   0;-999;   0;   2.6;   6.9; 1008.90;    8.5;   66.04;   19.1;    0.5;   -2.9;eor
       3126;20250308;    1;   5.9;   1.7;    1;   0.0;   0;-999;   0;   2.4;   6.8; 1005.67;    9.0;   62.63;   18.5;    0.3;   -2.9;eor
       3126;20250309;    1;   4.4;   1.3;    1;   0.0;   0;-999;   0;   0.0;   7.1;  997.16;    8.0;   67.50;   17.3;    0.9;   -2.9;eor
       3126;20250310;    1;   5.8;   1.6;    1;   0.0;   0;-999;   0;   0.1;   7.5;  990.92;    8.0;   72.75;   17.5;    0.0;   -3.3;eor
       3126;20250311;    1;   7.2;   1.8;    1;   0.3;   6;-999;   0;   2.8;   7.8;  990.60;    6.0;   83.71;   13.1;   -0.1;   -3.7;eor
       3126;20250312;    1;   6.1;   1.5;    1;   0.0;   0;-999;   0;   7.0;   6.8;  989.51;    6.1;   72.71;    9.2;    2.6;   -0.9;eor
