STATIONS_ID;MESS_DATUM;QN_3;  FX;  FM;QN_4; RSK;RSKF; SDK;SHK_TAG;  NM; VPM;  PM; TMK; UPM; TXK; TNK; TGK;eor
       2932;20230910;   10;   7.7;   2.3;    9;   0.0;   0;   12.400;   0;   0.0;  15.8; 1001.70;   21.7;   63.00;   29.5;   13.8;   10.8;eor
       2932;20230911;   10;   6.0;   1.8;    9;   0.0;   0;   12.200;   0;   0.3;  15.9;  998.40;   22.2;   62.00;   30.2;   14.8;   11.3;eor
       2932;20230912;   10;   8.9;   2.4;    9;   2.6;   6;    9.300;   0;   2.5;  18.2;  996.70;   21.9;   70.00;   28.2;   15.7;   13.7;eor
       2932;20230913;   10;  15.8;   4.3;    9;   6.6;   6;    3.900;   0;   6.1;  18.2;  998.80;   18.2;   87.00;   22.4;   13.2;   13.2;eor
       2932;20230914;   10;   5.5;   1.8;    9;   0.0;   0;    9.600;   0;   2.9;  12.4; 1006.60;   14.6;   76.00;   19.5;   11.0;    8.3;eor
       2932;20230915;   10;  10.3;   3.4;    9;   0.0;   0;   12.100;   0;   0.0;  12.9; 1004.60;   15.6;   74.00;   23.0;    9.0;    6.7;eor
       2932;20230916;   10;   5.0;   2.2;    9;   0.0;   0;   11.800;   0;   0.4;  14.0; 1000.50;   18.0;   70.00;   25.9;   11.2;    8.2;eor
       2932;20230917;   10;   6.7;   2.9;    9;   0.0;   6;    6.600;   0;   3.8;  15.7;  999.10;   20.4;   68.00;   27.6;   13.4;   10.8;eor
       2932;20230918;   10;  12.3;   4.8;    9;   0.5;   6;    2.100;   0;   4.8;  17.0;  993.20;   19.7;   74.00;   24.4;   15.9;   13.3;eor
       2932;20230919;   10;  14.4;   6.5;    9;   0.0;   0;   10.000;   0;   1.1;  12.8;  995.40;   17.5;   64.00;   21.2;   13.4;   11.5;eor
       2932;20230920;   10;  12.3;   4.7;    9;   0.0;   0;    8.700;   0;   3.1;  13.9;  995.20;   18.6;   66.00;   24.7;   13.3;   11.2;eor
       2932;20230921;   10;  14.1;   3.9;    9;   2.1;   6;    8.900;   0;   4.5;  15.7;  986.90;   20.8;   66.00;   28.1;   14.0;   11.1;eor
       2932;20230922;   10;  11.5;   4.7;    9;   0.1;   6;    0.100;   0;   6.8;  14.7;  988.50;   16.0;   81.00;   17.9;   13.0;   10.7;eor
       2932;20230923;   10;  13.4;   5.6;    9;   0.0;   0;    8.900;   0;   3.3;  11.2;  998.90;   14.0;   71.00;   18.7;   10.1;    6.2;eor
       2932;20230924;   10;   4.6;   2.4;    9;   0.0;   0;    4.800;   0;   4.5;  11.6; 1010.40;   13.5;   76.00;   19.5;    9.0;    5.5;eor
       2932;20230925;   10;   6.2;   2.4;    9;   0.0;   0;   11.000;   0;   1.8;  11.8; 1009.70;   14.6;   73.00;   21.9;    6.9;    3.6;eor
       2932;20230926;   10;   4.1;   1.4;    9;   0.0;   0;   10.900;   0;   1.4;  14.5; 1006.40;   16.8;   77.00;   24.9;   10.0;    6.0;eor
       2932;20230927;   10;   6.7;   2.3;    9;   0.0;   0;    9.700;   0;   1.3;  16.2; 1004.20;   18.5;   78.00;   26.6;   11.3;    8.5;eor
       2932;20230928;   10;   7.2;   2.7;    9;   0.0;   0;   10.100;   0;   1.9;  15.4; 1001.80;   19.9;   69.00;   27.2;   13.9;   11.3;eor
       2932;20230929;   10;  11.8;   4.1;    9;   0.0;   0;    2.500;   0;   5.8;  15.3; 1001.90;   20.0;   67.00;   27.1;   14.2;   11.3;eor
       2932;20230930;   10;  10.3;   3.2;    9;   0.0;   0;    7.100;   0;   3.6;  11.6; 1009.40;   14.7;   70.00;   19.6;    9.9;    6.3;eor
       2932;20231001;   10;   9.8;   3.9;    9;   0.0;   0;    2.500;   0;   5.6;  11.9; 1008.10;   16.2;   66.00;   22.1;   11.1;    9.1;eor
       2932;20231002;   10;   9.1;   3.9;    9;   0.0;   0;    9.500;   0;   3.0;  13.8; 1004.70;   18.8;   65.00;   26.6;   12.7;   10.9;eor
       2932;20231003;   10;  20.1;   6.7;    9;   8.9;   6;    0.900;   0;   5.0;  14.7;  998.70;   17.6;   75.00;   25.2;   10.9;    9.5;eor
       2932;20231004;   10;  13.4;   6.5;    9;   0.0;   6;    3.300;   0;   3.8;  11.6; 1009.20;   13.2;   77.00;   17.5;   10.0;    8.2;eor
       2932;20231005;   10;  13.0;   6.2;    9;   0.0;   6;    3.100;   0;   7.1;  11.6; 1007.60;   13.9;   73.00;   17.7;    9.9;    8.0;eor
       2932;20231006;   10;  12.9;   6.5;    9;   0.0;   0;    8.400;   0;   5.8;  12.0; 1007.20;   15.5;   69.00;   19.4;   10.4;    8.3;eor
       2932;20231007;   10;  15.4;   8.9;    9;   2.4;   6;    1.100;   0;   6.4;  13.7; 1002.20;   16.8;   71.00;   19.9;   13.5;   12.3;eor
       2932;20231008;   10;  10.5;   3.1;    9;   0.1;   6;    3.400;   0;   7.0;  11.6; 1008.00;   12.2;   81.00;   18.4;    9.7;    9.2;eor
       2932;20231009;   10;   7.7;   3.2;    9;  11.0;   6;    0.000;   0;   7.6;  14.6; 1002.20;   13.5;   93.00;   15.5;   11.1;   10.5;eor
       2932;20231010;   10;   6.7;   2.9;    9;   0.0;   6;    2.300;   0;   7.3;  15.9; 1002.80;   16.3;   86.00;   20.3;   13.7;   12.5;eor
       2932;20231011;   10;  15.4;   6.7;    9;   0.9;   6;    8.300;   0;   4.5;  13.1;  997.70;   19.6;   59.00;   24.9;   13.5;   11.6;eor
       2932;20231012;   10;   9.8;   4.8;    9;   5.3;   6;    0.000;   0;   7.3;  15.5;  997.70;   16.6;   83.00;   19.6;   14.2;   12.9;eor
       2932;20231013;   10;  12.9;   5.3;    9;   0.9;   6;    0.600;   0;   7.2;  15.6;  994.10;   18.8;   73.00;   23.2;   14.5;   13.4;eor
       2932;20231014;   10;  19.4;   5.9;    9;   4.1;   6;    4.900;   0;   6.0;  10.8;  992.70;   14.4;   66.00;   22.0;    6.7;    5.3;eor
       2932;20231015;   10;  12.3;   5.7;    9;   0.4;   6;    3.600;   0;   2.8;   8.0; 1001.50;    6.8;   81.00;   10.9;    3.2;    1.3;eor
       2932;20231016;   10;   8.7;   3.6;    9;   0.1;   6;    3.700;   0;   4.7;   8.4; 1005.50;    6.7;   85.00;   10.2;    2.4;    0.3;eor
       2932;20231017;   10;   5.1;   1.8;    9;   0.0;   0;    6.500;   0;   2.8;   8.3; 1004.50;    6.9;   85.00;   12.9;    1.7;   -0.5;eor
       2932;20231018;   10;  10.3;   3.5;    9;   9.8;   6;    7.200;   0;   3.3;   7.6;  996.30;    5.5;   85.00;   11.1;   -1.2;   -2.4;eor
       2932;20231019;   10;   7.2;   3.4;    9;   2.8;   6;    0.000;   0;   7.8;  11.3;  981.40;    9.3;   95.00;   13.0;    6.1;    5.7;eor
       2932;20231020;   10;  14.1;   6.1;    9;   2.9;   6;    0.000;   0;   7.7;  11.2;  972.40;    8.9;   98.00;   13.0;    8.0;    7.8;eor
       2932;20231021;   10;  13.4;   4.0;    9;   5.3;   6;    6.000;   0;   5.4;  12.8;  982.20;   14.1;   80.00;   19.0;    8.9;    6.1;eor
       2932;20231022;   10;  10.8;   4.6;    9;   0.0;   6;    3.200;   0;   6.4;  11.9;  993.20;   12.5;   83.00;   15.9;    9.8;    8.7;eor
       2932;20231023;   10;   5.5;   2.7;    9;   0.4;   6;    7.000;   0;   5.8;  11.9;  997.60;   12.5;   82.00;   16.3;    9.9;    8.2;eor
       2932;20231024;   10;   7.5;   2.8;    9;   7.5;   6;    0.000;   0;   6.8;  13.2;  989.50;   12.1;   93.00;   14.4;    9.2;    8.2;eor
       2932;20231025;   10;   7.2;   3.6;    9;   7.7;   6;    7.000;   0;   5.3;  11.4;  984.60;   10.8;   89.00;   14.3;    7.3;    5.3;eor
       2932;20231026;   10;  11.7;   4.8;    9;   0.1;   6;    0.000;   0;   7.0;  11.3;  978.90;   10.7;   87.00;   12.3;    6.4;    3.6;eor
       2932;20231027;   10;   7.7;   1.9;    9;   5.9;   6;    0.000;   0;   7.3;  10.8;  978.50;    8.8;   95.00;   10.4;    6.5;    4.7;eor
       2932;20231028;   10;  10.5;   4.6;    9;   3.4;   6;    0.300;   0;   6.3;  11.0;  984.60;   10.7;   86.00;   13.9;    7.8;    6.6;eor
       2932;20231029;   10;  13.5;   6.9;    9;   1.8;   6;    0.000;   0;   6.1;  11.7;  984.90;   13.3;   77.00;   15.9;   10.5;    9.5;eor
       2932;20231030;   10;   8.7;   3.4;    9;   3.4;   6;    0.000;   0;   6.4;  12.2;  986.40;   12.3;   85.00;   14.2;   10.7;    8.8;eor
       2932;20231031;   10;  17.0;   7.0;    9;   0.0;   6;    1.800;   0;   6.5;  11.4;  984.80;   11.6;   83.00;   13.7;    8.6;    6.4;eor
       2932;20231101;   10;  10.5;   4.8;    9;   0.2;   6;    1.000;   0;   6.3;  11.2;  989.30;   11.7;   81.00;   15.2;    8.8;    7.2;eor
       2932;20231102;   10;  11.1;   5.4;    9;   1.1;   6;    0.300;   0;   3.8;  10.1;  975.70;   10.7;   78.00;   13.4;    8.1;    6.3;eor
       2932;20231103;   10;   9.4;   5.2;    9;   0.0;   0;    3.200;   0;   6.5;   8.8;  972.10;    9.0;   77.00;   11.2;    5.9;    3.8;eor
       2932;20231104;   10;  13.9;   6.5;    9;   0.4;   6;    6.200;   0;   5.1;   7.9;  972.00;    8.6;   71.00;   11.7;    5.5;    4.2;eor
       2932;20231105;   10;  18.0;   7.6;    9;   0.4;   6;    1.000;   0;   6.6;   9.7;  966.60;   10.9;   75.00;   14.0;    8.4;    6.6;eor
       2932;20231106;   10;  17.0;   8.6;    9;   0.0;   6;    3.400;   0;   4.8;   8.9;  986.20;   10.7;   70.00;   14.2;    8.6;    6.9;eor
       2932;20231107;   10;  12.5;   5.7;    9;   0.2;   6;    2.800;   0;   5.0;   9.1;  995.00;    9.3;   78.00;   12.0;    6.1;    4.7;eor
       2932;20231108;   10;  14.6;   6.8;    9;   0.0;   6;    2.900;   0;   6.5;   8.5;  997.20;    8.7;   75.00;   11.8;    6.0;    4.2;eor
       2932;20231109;   10;  14.9;   6.9;    9;   0.1;   6;    0.500;   0;   7.8;   8.3;  989.50;    9.5;   70.00;   11.8;    7.2;    6.2;eor
       2932;20231110;   10;  11.1;   4.9;    9;   0.3;   6;    1.000;   0;   4.7;   8.4;  984.90;    8.0;   78.00;   11.4;    4.4;    2.9;eor
       2932;20231111;   10;  10.6;   4.6;    9;   2.2;   6;    0.200;   0;   6.1;   7.9;  986.30;    5.6;   87.00;    8.0;    3.4;    1.3;eor
       2932;20231112;   10;  10.3;   4.7;    9;   0.0;   6;    1.600;   0;   7.5;   7.5;  991.60;    6.4;   79.00;    9.4;    2.8;   -0.3;eor
       2932;20231113;   10;  13.7;   4.4;    9;   7.1;   6;    0.500;   0;   5.5;   8.8;  989.80;    6.2;   91.00;   11.9;    1.4;   -2.7;eor
       2932;20231114;   10;  20.7;   8.7;    9;  11.5;   6;    3.100;   0;   5.5;   9.9;  986.40;   10.8;   76.00;   13.0;    8.6;    8.2;eor
       2932;20231115;   10;  11.7;   4.3;    9;   4.1;   6;    0.100;   0;   7.3;  10.1;  994.60;    8.3;   93.00;    9.0;    6.7;    5.2;eor
       2932;20231116;   10;  11.8;   4.5;    9;   0.0;   6;    0.600;   0;   6.7;   8.1;  996.40;    6.7;   82.00;    9.3;    2.4;    0.1;eor
       2932;20231117;   10;  11.3;   4.0;    9;   0.0;   0;    0.100;   0;   7.5;   6.7; 1001.00;    4.2;   82.00;    6.7;    1.8;    0.1;eor
       2932;20231118;   10;  10.3;   2.9;    9;   5.7;   6;    2.000;   0;   5.9;   7.1; 1006.80;    4.5;   85.00;    7.6;    0.3;   -2.0;eor
       2932;20231119;   10;  13.0;   6.8;    9;   4.1;   6;    1.800;   0;   6.4;   9.7;  993.10;    8.9;   85.00;   12.6;    4.6;    4.2;eor
       2932;20231120;   10;  15.6;   6.6;    9;   0.3;   6;    0.100;   0;   7.0;  10.1;  991.70;    9.5;   85.00;   11.6;    4.8;    2.1;eor
       2932;20231121;   10;   9.3;   4.0;    9;   0.4;   8;    0.000;   0;   7.6;   7.9;  999.30;    4.5;   92.00;    6.9;    0.9;    0.6;eor
       2932;20231122;   10;  11.3;   3.7;    9;   0.0;   8;    2.300;   0;   5.3;   4.7; 1011.10;   -0.9;   82.00;    1.6;   -2.5;   -3.8;eor
       2932;20231123;   10;  20.6;  11.0;    9;   7.1;   6;    0.000;   0;   7.5;   7.7;  998.40;    6.2;   79.00;    9.5;    1.5;    1.1;eor
       2932;20231124;   10;  17.5;   7.0;    9;   2.9;   8;    1.200;   0;   6.2;   6.7;  985.70;    3.8;   84.00;    7.2;    0.3;   -0.1;eor
       2932;20231125;   10;  12.9;   5.4;    9;   2.0;   8;    0.100;   0;   6.7;   6.1;  989.40;    1.4;   90.00;    3.0;   -1.4;   -2.4;eor
       2932;20231126;   10;   8.1;   3.8;    9;   4.8;   6;    2.500;   0;   6.8;   5.9;  996.10;    1.5;   86.00;    3.0;   -0.5;   -1.6;eor
       2932;20231127;   10;   8.1;   3.5;    9;  10.8;   8;    0.000;   0;   6.5;   6.9;  987.50;    2.5;   94.00;    4.6;    0.0;   -0.1;eor
       2932;20231128;   10;   8.2;   3.9;    9;   1.4;   7;    0.000;   4;   7.3;   5.2;  984.00;   -1.4;   93.00;    0.1;   -3.4;   -5.1;eor
       2932;20231129;   10;  10.5;   5.4;    9;   0.0;   7;    1.800;   6;   5.5;   4.6;  986.80;   -1.3;   81.00;    1.6;   -3.9;   -6.2;eor
       2932;20231130;   10;   6.5;   2.2;    9;   2.4;   8;    2.300;   4;   5.8;   5.1;  986.80;   -1.2;   92.00;   -0.1;   -3.7;   -8.8;eor
       2932;20231201;   10;   5.8;   2.7;    9;   0.2;   8;    0.000;   9;   7.3;   4.7;  989.50;   -2.6;   93.00;   -0.9;   -4.3;   -1.3;eor
       2932;20231202;   10;   5.7;   2.7;    9;   0.3;   8;    0.000;   8;   7.6;   4.0;  995.10;   -4.4;   90.00;   -2.7;   -6.7;   -3.1;eor
       2932;20231203;   10;   7.2;   3.6;    9;   0.5;   8;    0.000;   8;   4.4;   4.5; 1004.60;   -3.1;   93.00;   -1.1;   -6.7;   -8.2;eor
       2932;20231204;   10;   7.7;   3.6;    9;   0.0;   8;    0.800;   8;   5.3;   4.1;  999.10;   -2.5;   80.00;   -0.9;   -4.6;   -5.3;eor
       2932;20231205;   10;   8.9;   4.7;    9;   1.1;   8;    0.400;   6;   7.4;   5.5;  991.50;    0.8;   85.00;    2.6;   -1.8;   -2.9;eor
       2932;20231206;   10;   7.7;   3.7;    9;   0.3;   8;    0.000;   0;   7.6;   6.5;  995.80;    1.9;   92.00;    2.8;    0.5;    0.2;eor
       2932;20231207;   10;   7.0;   3.2;    9;   0.0;   6;    0.000;   0;   6.8;   6.2; 1003.20;    1.5;   90.00;    3.5;   -2.4;   -4.8;eor
       2932;20231208;   10;   8.7;   3.9;    9;   1.3;   8;    0.000;   0;   6.4;   5.5;  996.40;    0.0;   89.00;    2.6;   -3.7;   -5.5;eor
       2932;20231209;   10;  11.7;   5.0;    9;  11.7;   6;    3.600;   0;   6.1;   7.3;  992.70;    4.2;   88.00;    7.2;    2.2;    1.4;eor
       2932;20231210;   10;  18.3;   7.2;    9;   4.0;   6;    0.000;   0;   6.7;   8.2;  987.50;    6.8;   83.00;    8.6;    3.8;    3.4;eor
       2932;20231211;   10;  19.7;   8.3;    9;   0.0;   6;    0.600;   0;   6.1;   8.6;  984.70;    8.5;   77.00;   10.7;    4.8;    3.0;eor
       2932;20231212;   10;   6.7;   3.2;    9;   2.2;   6;    1.000;   0;   6.3;   8.3;  990.10;    6.3;   87.00;    9.3;    3.1;    0.3;eor
       2932;20231213;   10;   6.7;   2.9;    9;   0.0;   6;    0.700;   0;   7.5;   9.6;  983.80;    7.5;   93.00;   10.0;    5.5;    4.3;eor
       2932;20231214;   10;   7.2;   3.4;    9;   1.5;   6;    0.000;   0;   7.4;   7.7;  998.70;    3.5;   98.00;    5.7;    2.7;    2.5;eor
       2932;20231215;   10;   8.2;   4.0;    9;   1.9;   6;    0.400;   0;   6.1;   7.2; 1015.70;    3.2;   93.00;    5.3;   -0.6;   -2.6;eor
       2932;20231216;   10;  12.0;   6.2;    9;   0.0;   0;    1.000;   0;   7.1;   7.7; 1020.80;    6.2;   82.00;    7.7;    4.8;    4.2;eor
       2932;20231217;   10;  11.8;   7.0;    9;   0.0;   0;    4.600;   0;   2.8;   8.1; 1018.40;    6.0;   87.00;    7.9;    4.1;    2.6;eor
       2932;20231218;   10;  11.1;   5.9;    9;   0.0;   0;    7.500;   0;   2.1;   7.0; 1012.70;    5.1;   79.00;    9.7;    1.1;   -0.9;eor
       2932;20231219;   10;  13.0;   7.0;    9;  10.5;   6;    0.000;   0;   7.7;   7.1; 1002.30;    5.7;   78.00;    7.6;    3.9;    1.1;eor
       2932;20231220;   10;  19.0;   8.3;    9;   3.7;   6;    2.800;   0;   6.4;   7.7;  994.00;    5.4;   86.00;    6.9;    3.4;    2.1;eor
       2932;20231221;   10;  21.6;  11.8;    9;   3.3;   6;    0.000;   0;   7.1;   8.4;  977.50;    7.2;   82.00;    9.9;    3.8;    2.5;eor
       2932;20231222;   10;  22.5;   7.6;    9;   7.9;   8;    0.800;   0;   5.6;   6.5;  978.70;    3.1;   85.00;    6.0;    0.2;   -0.1;eor
       2932;20231223;   10;  22.6;   6.3;    9;  19.1;   6;    0.000;   0;   6.9;   7.0;  986.40;    3.0;   92.00;    7.8;    0.6;    0.2;eor
       2932;20231224;   10;  21.1;  11.7;    9;   0.9;   6;    0.000;   0;   7.6;  10.1;  986.30;    9.7;   84.00;   11.7;    7.6;    6.8;eor
       2932;20231225;   10;  20.2;   8.5;    9;  17.3;   6;    0.000;   0;   7.4;  11.3;  989.00;    9.9;   93.00;   11.1;    9.0;    8.4;eor
       2932;20231226;   10;  20.9;  10.0;    9;   0.9;   6;    1.700;   0;   6.3;   8.7;  994.60;    9.2;   74.00;   10.9;    4.2;    1.9;eor
       2932;20231227;   10;  10.3;   3.8;    9;   0.0;   0;    3.400;   0;   4.2;   7.0; 1003.30;    4.6;   82.00;    8.0;   -0.1;   -3.1;eor
       2932;20231228;   10;  15.3;   7.3;    9;   0.0;   0;    4.600;   0;   6.3;   7.6;  997.30;    8.7;   68.00;   10.5;    6.5;    4.5;eor
       2932;20231229;   10;  22.1;   9.5;    9;   0.7;   6;    2.100;   0;   6.5;   8.4;  993.30;    9.7;   70.00;   10.9;    7.6;    6.0;eor
       2932;20231230;   10;  19.2;   6.4;    9;   0.0;   0;    0.900;   0;   6.4;   8.0;  996.20;    6.9;   81.00;    8.6;    4.2;    2.3;eor
       2932;20231231;   10;  11.0;   5.6;    9;   0.0;   6;    0.000;   0;   4.9;   7.6;  990.60;    6.3;   79.00;    8.9;    3.4;    1.7;eor
       2932;20240101;   10;  14.7;   6.6;    9;   1.6;   6;    0.600;   0;   5.3;   7.2;  990.30;    6.3;   76.00;   10.0;    3.0;    1.0;eor
       2932;20240102;   10;  11.7;   5.9;    9;  14.1;   6;    0.000;   0;   5.9;   8.7;  982.50;    6.3;   90.00;    9.4;    2.7;   -0.4;eor
       2932;20240103;   10;  19.7;   9.2;    9;   0.5;   6;    0.900;   0;   5.3;   9.0;  976.00;    9.7;   75.00;   11.5;    7.6;    6.4;eor
       2932;20240104;   10;  16.5;   6.5;    9;   1.0;   8;    0.000;   0;   7.8;   7.5;  983.80;    5.4;   83.00;    8.9;    0.4;    0.0;eor
       2932;20240105;   10;   8.2;   3.8;    9;   0.0;   6;    1.300;   0;   6.6;   7.6;  987.40;    5.0;   88.00;    8.9;    0.8;   -0.3;eor
       2932;20240106;   10;   9.1;   3.6;    9;   0.0;   8;    0.000;   0;   6.8;   6.5;  993.00;    1.4;   97.00;    3.4;   -1.0;   -2.3;eor
       2932;20240107;   10;  12.9;   5.6;    9;   0.1;   8;    0.600;   0;   7.6;   4.3; 1004.90;   -1.9;   80.00;   -0.9;   -3.2;   -2.9;eor
       2932;20240108;   10;  10.1;   4.9;    9;   0.0;   0;    5.300;   0;   3.5;   2.6; 1014.90;   -6.9;   70.00;   -2.8;   -9.0;   -9.2;eor
       2932;20240109;   10;   7.2;   3.3;    9;   0.0;   0;    7.600;   0;   0.1;   2.6; 1018.90;   -8.4;   79.00;   -5.2;  -10.7;  -11.5;eor
       2932;20240110;   10;   4.6;   2.2;    9;   0.0;   0;    7.500;   0;   0.0;   2.7; 1015.50;   -8.1;   82.00;   -3.4;  -10.9;  -12.8;eor
       2932;20240111;   10;   7.7;   2.7;    9;   0.1;   8;    5.200;   0;   3.8;   3.6; 1014.50;   -5.7;   87.00;   -1.0;  -11.3;  -12.6;eor
       2932;20240112;   10;  10.1;   3.9;    9;   0.0;   8;    0.000;   0;   7.9;   5.5; 1012.80;   -0.7;   95.00;    0.2;   -1.6;   -1.7;eor
       2932;20240113;   10;  14.2;   7.5;    9;   0.1;   8;    0.000;   0;   7.8;   5.7; 1002.00;    0.9;   88.00;    1.8;   -0.1;   -0.6;eor
       2932;20240114;   10;  15.3;   9.3;    9;   0.5;   8;    0.000;   0;   7.6;   5.8;  989.00;    1.3;   87.00;    2.2;    0.2;   -0.1;eor
       2932;20240115;   10;  17.0;   9.8;    9;   0.2;   8;    1.200;   0;   6.5;   5.1;  981.50;    0.6;   79.00;    2.2;   -0.5;   -1.4;eor
       2932;20240116;   10;  13.2;   6.1;    9;   0.0;   8;    3.000;   0;   5.3;   4.7;  990.30;   -0.2;   78.00;    1.7;   -3.2;   -4.6;eor
       2932;20240117;   10;   9.6;   3.9;    9;   6.3;   8;    1.600;   0;   6.4;   4.6;  978.80;   -1.7;   85.00;    1.2;   -4.3;   -5.6;eor
       2932;20240118;   10;   6.9;   2.7;    9;   1.0;   8;    0.000;   5;   5.2;   4.5;  982.00;   -3.2;   93.00;   -1.1;   -8.3;  -11.3;eor
       2932;20240119;   10;  11.7;   6.2;    9;   0.0;   0;    7.700;   7;   0.7;   3.9; 1001.10;   -4.2;   86.00;   -0.9;   -9.2;  -12.4;eor
       2932;20240120;   10;  13.2;   6.8;    9;   0.0;   0;    7.800;   5;   0.9;   3.7; 1011.70;   -3.3;   77.00;   -0.5;   -6.7;  -10.8;eor
       2932;20240121;   10;  14.6;   6.9;    9;   0.0;   0;    1.900;   5;   6.0;   3.7; 1009.10;   -1.0;   65.00;    3.4;   -7.5;  -11.9;eor
       2932;20240122;   10;  15.9;   8.8;    9;   0.7;   6;    0.000;   0;   7.0;   7.4;  996.60;    6.6;   76.00;    9.4;    2.8;    1.4;eor
       2932;20240123;   10;  17.0;   7.7;    9;   3.2;   6;    0.800;   0;   6.0;   7.0; 1004.60;    5.4;   78.00;    8.2;    3.2;    1.8;eor
       2932;20240124;   10;  23.0;  11.0;    9;   0.3;   6;    2.700;   0;   7.1;   8.8;  999.30;    9.3;   75.00;   12.4;    5.6;    4.8;eor
       2932;20240125;   10;  15.4;   6.5;    9;   0.0;   6;    2.400;   0;   5.8;   7.1; 1008.50;    6.1;   75.00;    8.7;    0.6;   -2.6;eor
       2932;20240126;   10;  21.6;   6.3;    9;   4.4;   4;    0.200;   0;   6.7;   8.0; 1006.70;    6.1;   83.00;   10.9;    2.1;    0.6;eor
       2932;20240127;   10;  10.6;   5.2;    9;   0.0;   0;    7.400;   0;   2.4;   6.2; 1017.50;    3.3;   80.00;    7.9;   -1.3;   -4.3;eor
       2932;20240128;   10;   9.6;   4.3;    9;   0.0;   0;    8.700;   0;   0.6;   5.2; 1017.70;    2.3;   74.00;    8.3;   -3.0;   -5.6;eor
       2932;20240129;   10;   8.7;   4.8;    9;   0.0;   0;    7.200;   0;   3.3;   5.4; 1013.40;    5.5;   60.00;   11.5;    0.6;   -1.0;eor
       2932;20240130;   10;   8.7;   4.6;    9;   0.0;   4;    2.900;   0;   5.5;   6.9; 1012.80;    6.5;   70.00;   11.8;    2.0;   -1.1;eor
       2932;20240131;   10;  10.1;   4.5;    9;   2.2;   4;    0.000;   0;   7.4;   7.2; 1014.20;    5.6;   79.00;    7.7;    2.3;    0.8;eor
       2932;20240201;   10;  12.9;   6.4;    9;   0.0;   6;    4.500;   0;   5.8;   6.9; 1009.60;    5.8;   75.00;    8.8;    1.5;   -0.7;eor
       2932;20240202;   10;  14.6;   7.3;    9;   0.3;   6;    0.000;   0;   7.7;   7.0; 1009.00;    5.8;   76.00;    8.9;    2.6;    1.3;eor
       2932;20240203;   10;  16.5;   9.0;    9;   1.3;   6;    0.000;   0;   7.6;   9.8; 1005.10;    8.8;   87.00;    9.7;    8.1;    7.2;eor
       2932;20240204;   10;  16.6;   6.7;    9;   7.0;   6;    0.000;   0;   7.1;  10.3; 1001.00;    8.5;   92.00;    9.9;    6.8;    5.6;eor
       2932;20240205;   10;  19.5;  11.4;    9;   0.0;   6;    2.900;   0;   6.7;   9.9;  997.30;   10.1;   80.00;   12.4;    8.0;    7.2;eor
       2932;20240206;   10;  22.3;  11.5;    9;   5.2;   6;    0.300;   0;   7.8;   8.4;  992.70;    9.1;   73.00;   10.3;    7.7;    7.1;eor
       2932;20240207;   10;  21.9;   7.3;    9;   5.7;   6;    0.000;   0;   6.4;   7.4;  987.50;    4.7;   87.00;   10.5;    1.1;   -0.1;eor
       2932;20240208;   10;   9.3;   2.6;    9;  10.1;   6;    0.200;   0;   7.3;   6.4;  984.80;    1.8;   92.00;    4.3;   -0.6;   -2.9;eor
       2932;20240209;   10;  10.5;   5.1;    9;   1.4;   6;    1.100;   0;   6.9;   9.9;  975.00;    8.9;   87.00;   13.6;    2.0;    2.0;eor
       2932;20240210;   10;   8.1;   3.6;    9;   0.0;   6;    4.900;   0;   5.6;  11.0;  974.40;   10.2;   89.00;   13.7;    7.9;    7.0;eor
       2932;20240211;   10;  10.3;   3.3;    9;   6.3;   6;    0.000;   0;   7.8;  10.2;  974.90;    7.9;   96.00;    8.6;    7.3;    6.6;eor
       2932;20240212;   10;  10.6;   4.6;    9;   3.1;   6;    0.500;   0;   6.8;   8.8;  986.40;    6.5;   90.00;    9.5;    2.2;    0.0;eor
       2932;20240213;   10;  10.3;   4.9;    9;   0.0;   6;    8.200;   0;   3.3;   6.8; 1001.40;    4.5;   81.00;    8.5;    1.1;   -1.3;eor
       2932;20240214;   10;  13.0;   5.8;    9;   3.2;   6;    0.600;   0;   7.3;   8.6; 1002.30;    7.7;   81.00;   11.0;    3.3;    2.0;eor
       2932;20240215;   10;   7.7;   4.5;    9;   0.1;   6;    0.800;   0;   7.7;  11.5; 1001.90;   11.1;   87.00;   15.0;    8.7;    7.8;eor
       2932;20240216;   10;  12.0;   5.1;    9;  11.9;   6;    2.000;   0;   7.4;  11.1;  999.30;   12.3;   78.00;   16.3;    8.9;    7.4;eor
       2932;20240217;   10;   9.3;   3.3;    9;   0.0;   6;    1.900;   0;   4.8;   9.8; 1011.90;    8.5;   87.00;   11.5;    1.3;   -1.5;eor
       2932;20240218;   10;  11.8;   4.0;    9;   5.8;   6;    2.800;   0;   4.8;   8.4; 1011.60;    7.1;   83.00;   12.2;    1.0;   -1.9;eor
       2932;20240219;   10;  17.0;   7.3;    9;   0.3;   6;    0.100;   0;   7.6;   9.2; 1004.80;    8.1;   85.00;    9.9;    6.2;    5.7;eor
       2932;20240220;   10;  13.7;   5.9;    9;   0.0;   6;    1.200;   0;   7.8;   8.3; 1007.90;    8.0;   77.00;   10.5;    6.6;    5.0;eor
       2932;20240221;   10;  13.7;   6.3;    9;   3.2;   6;    1.400;   0;   7.3;   8.0; 1000.20;    8.7;   71.00;   11.0;    6.9;    5.8;eor
       2932;20240222;   10;  15.3;   7.1;    9;   1.7;   6;    0.300;   0;   7.7;   9.8;  978.70;   10.4;   78.00;   12.6;    7.6;    6.4;eor
       2932;20240223;   10;  19.9;   7.2;    9;   0.0;   0;    0.300;   0;   7.6;   6.7;  980.10;    6.9;   67.00;   12.0;    2.8;   -1.2;eor
       2932;20240224;   10;  13.2;   4.5;    9;   0.0;   0;    4.700;   0;   4.6;   6.3;  987.00;    5.2;   72.00;   10.4;    0.3;   -2.7;eor
       2932;20240225;   10;  10.8;   4.4;    9;   0.0;   0;    6.800;   0;   3.5;   6.5;  989.60;    5.3;   74.00;   11.8;    0.9;   -1.8;eor
       2932;20240226;   10;   8.2;   3.6;    9;   0.0;   0;    3.500;   0;   7.7;   7.5;  989.30;    5.5;   83.00;   10.7;   -0.1;   -1.8;eor
       2932;20240227;   10;   7.9;   3.6;    9;   0.0;   0;    0.000;   0;   7.5;   7.4;  999.20;    3.9;   91.00;    5.5;    2.7;    2.0;eor
       2932;20240228;   10;   7.0;   2.2;    9;   0.0;   0;    6.500;   0;   4.5;   5.9; 1004.90;    3.8;   74.00;    8.4;    0.5;   -2.9;eor
       2932;20240229;   10;  10.6;   4.0;    9;   0.0;   0;   10.000;   0;   0.6;   6.4;  999.10;    4.5;   77.00;   10.8;   -0.3;   -2.8;eor
       2932;20240301;   10;   6.2;   2.8;    9;   0.0;   6;    1.700;   0;   2.3;   7.6;  990.90;    5.3;   85.00;   10.3;    0.6;   -2.0;eor
       2932;20240302;   10;   8.7;   3.7;    9;   0.0;   6;    5.300;   0;   4.1;   8.6;  990.10;    8.4;   79.00;   14.6;    4.7;    3.0;eor
       2932;20240303;   10;   8.2;   3.6;    9;   0.0;   0;    9.500;   0;   0.5;   8.4;  987.60;    8.2;   79.00;   14.3;    2.6;    0.7;eor
       2932;20240304;   10;   3.6;   1.4;    9;   0.3;   6;    0.000;   0;   6.3;   8.4;  993.00;    4.8;   96.00;    7.2;   -0.2;   -1.9;eor
       2932;20240305;   10;   7.2;   2.3;    9;   9.0;   6;    0.000;   0;   7.1;   8.4;  998.90;    5.7;   91.00;    6.8;    3.6;    3.1;eor
       2932;20240306;   10;   7.0;   3.1;    9;   0.0;   6;    9.500;   0;   2.6;   6.3; 1006.70;    4.3;   77.00;    8.4;   -0.2;   -1.4;eor
       2932;20240307;   10;  11.1;   4.1;    9;   0.0;   0;    6.400;   0;   5.0;   6.1; 1008.20;    4.2;   73.00;    7.3;   -0.5;   -3.2;eor
       2932;20240308;   10;  10.8;   4.8;    9;   0.0;   0;   10.300;   0;   0.0;   5.5; 1001.50;    3.0;   74.00;    9.1;   -2.7;   -4.0;eor
       2932;20240309;   10;   8.9;   4.3;    9;   0.0;   0;    8.300;   0;   0.8;   6.4;  991.00;    4.7;   76.00;   12.0;   -0.2;   -1.7;eor
       2932;20240310;   10;  12.9;   4.7;    9;   0.0;   6;    3.000;   0;   1.0;   7.8;  984.70;    6.4;   81.00;   11.7;    1.3;    0.0;eor
       2932;20240311;   10;  12.9;   3.7;    9;   0.0;   0;    7.100;   0;   3.1;   8.1;  988.20;    8.6;   74.00;   13.8;    4.1;    0.3;eor
       2932;20240312;   10;   9.3;   3.8;    9;   0.0;   0;    5.300;   0;   4.1;   7.9;  997.90;    7.5;   76.00;   11.9;    2.4;   -1.3;eor
       2932;20240313;   10;  11.0;   3.4;    9;   0.5;   6;    6.800;   0;   5.1;   8.4; 1000.50;    8.8;   74.00;   12.7;    3.7;    0.2;eor
       2932;20240314;   10;   7.2;   3.5;    9;   0.0;   6;    2.000;   0;   5.8;  10.8;  998.60;   10.3;   86.00;   14.9;    7.9;    4.4;eor
       2932;20240315;   10;  13.0;   5.7;    9;   0.0;   6;    4.900;   0;   3.8;  10.3;  994.40;   12.1;   74.00;   17.9;    7.2;    5.2;eor
       2932;20240316;   10;  15.4;   5.7;    9;   0.4;   6;    2.500;   0;   4.5;   8.6;  999.80;    8.5;   76.00;   14.7;    1.7;   -1.8;eor
       2932;20240317;   10;   6.2;   2.6;    9;   0.0;   0;    8.600;   0;   2.2;   6.1; 1007.20;    5.2;   71.00;   10.5;   -0.1;   -3.5;eor
       2932;20240318;   10;   8.2;   4.0;    9;   0.0;   0;    8.500;   0;   3.2;   5.4; 1003.30;    4.0;   68.00;    9.1;   -0.8;   -1.9;eor
       2932;20240319;   10;   7.2;   3.5;    9;   0.0;   0;   10.300;   0;   2.5;   5.2; 1004.90;    4.7;   62.00;   11.8;   -2.7;   -4.6;eor
       2932;20240320;   10;   5.7;   2.4;    9;   0.0;   0;    8.400;   0;   0.8;   7.3; 1004.00;    9.6;   61.00;   16.9;    2.1;   -1.5;eor
       2932;20240321;   10;  11.8;   3.8;    9;   0.2;   6;    1.200;   0;   6.3;   9.1; 1004.20;    9.6;   76.00;   13.8;    5.2;    1.5;eor
       2932;20240322;   10;  12.3;   4.8;    9;   2.3;   6;    0.400;   0;   5.2;   9.7;  999.70;   10.2;   78.00;   15.7;    5.3;    1.3;eor
       2932;20240323;   10;  16.5;   4.8;    9;   8.1;   6;    3.300;   0;   5.4;   8.0;  990.80;    5.8;   87.00;    9.5;    2.0;   -0.3;eor
       2932;20240324;   10;  15.8;   8.1;    9;   1.5;   6;    2.200;   0;   4.2;   6.9;  986.30;    5.0;   79.00;    9.3;    1.5;    0.2;eor
       2932;20240325;   10;  14.7;   5.0;    9;   0.0;   0;    3.300;   0;   4.9;   6.7;  989.10;    5.5;   75.00;    9.6;    0.1;   -2.0;eor
       2932;20240326;   10;  11.8;   4.8;    9;   0.0;   0;    9.200;   0;   1.3;   6.4;  981.70;    6.4;   68.00;   14.5;   -1.4;   -3.5;eor
       2932;20240327;   10;   9.1;   3.5;    9;   0.1;   6;    5.900;   0;   2.1;   8.1;  971.60;   10.1;   66.00;   17.5;    2.1;   -0.9;eor
       2932;20240328;   10;  19.0;   7.5;    9;   0.1;   6;    4.800;   0;   5.6;   7.9;  974.90;    8.7;   71.00;   14.4;    5.4;    3.4;eor
       2932;20240329;   10;  14.7;   4.8;    9;   0.2;   6;    0.600;   0;   4.6;   8.5;  984.30;   10.1;   68.00;   14.6;    4.7;    2.4;eor
       2932;20240330;   10;   9.3;   2.9;    9;   0.0;   0;    4.400;   0;   1.5;   9.9;  983.10;   15.1;   61.00;   22.7;    7.4;    5.3;eor
       2932;20240331;   10;   6.2;   2.2;    9;   0.0;   0;    6.400;   0;   1.7;  11.0;  982.70;   12.6;   75.00;   17.4;    8.1;    5.9;eor
       2932;20240401;   10;  18.9;   5.7;    9;   0.0;   6;    1.700;   0;   5.1;  10.2;  980.00;   11.2;   77.00;   17.9;    7.6;    5.2;eor
       2932;20240402;   10;  18.9;   9.1;    9;   0.5;   6;    5.000;   0;   6.8;   8.9;  989.70;   10.5;   70.00;   14.4;    8.2;    7.3;eor
       2932;20240403;   10;  10.3;   5.4;    9;   1.7;   6;    1.000;   0;   5.1;   9.7;  991.90;   10.6;   76.00;   13.0;    7.3;    5.9;eor
       2932;20240404;   10;  21.1;   6.6;    9;   1.5;   6;    3.200;   0;   5.3;  10.4;  993.10;   11.7;   76.00;   17.3;    7.3;    4.3;eor
       2932;20240405;   10;  12.3;   5.3;    9;   0.1;   6;    3.800;   0;   5.4;  11.7;  996.80;   14.7;   71.00;   20.7;    9.0;    7.1;eor
       2932;20240406;   10;   8.6;   3.9;    9;   0.0;   0;    9.700;   0;   2.9;  12.1;  999.00;   18.4;   58.00;   25.6;   13.3;   10.8;eor
       2932;20240407;   10;   9.8;   4.0;    9;   0.0;   0;    6.700;   0;   2.6;  11.9;  998.90;   18.9;   54.00;   23.5;   14.5;   11.2;eor
       2932;20240408;   10;   7.7;   3.4;    9;   0.0;   6;    6.500;   0;   2.5;  12.8;  994.10;   20.0;   57.00;   27.2;   14.3;   11.4;eor
       2932;20240409;   10;  16.5;   5.0;    9;   0.9;   6;    4.500;   0;   3.4;  12.5;  994.30;   16.3;   68.00;   23.7;    9.3;    8.4;eor
       2932;20240410;   10;   9.8;   3.7;    9;   0.0;   0;    3.500;   0;   4.0;   8.7; 1010.70;   10.5;   69.00;   13.9;    6.2;    2.2;eor
       2932;20240411;   10;  11.3;   4.0;    9;   0.0;   0;    9.300;   0;   2.1;   8.0; 1016.00;   11.8;   60.00;   18.1;    4.5;    0.9;eor
       2932;20240412;   10;  11.3;   3.8;    9;   0.0;   0;    9.200;   0;   1.8;  10.9; 1014.00;   14.4;   67.00;   21.4;    8.3;    3.8;eor
       2932;20240413;   10;  12.2;   5.5;    9;   0.0;   0;   10.400;   0;   2.6;  12.6; 1008.10;   16.6;   68.00;   22.0;    9.8;    6.8;eor
       2932;20240414;   10;   9.6;   3.4;    9;   3.4;   6;    5.800;   0;   5.6;  10.4; 1002.10;   14.5;   63.00;   17.7;    9.7;    7.8;eor
       2932;20240415;   10;  28.8;   4.7;    9;   0.5;   6;    3.400;   0;   5.8;   8.6;  991.20;   10.1;   71.00;   16.2;    4.6;    3.8;eor
       2932;20240416;   10;  16.5;   6.8;    9;   0.7;   6;    6.200;   0;   5.8;   7.1;  986.00;    6.9;   72.00;   11.8;    4.3;    3.3;eor
       2932;20240417;   10;   9.3;   2.6;    9;   1.2;   6;    3.700;   0;   6.6;   7.4;  992.10;    6.0;   80.00;   10.3;    1.7;   -1.2;eor
       2932;20240418;   10;   8.1;   2.7;    9;   0.0;   6;    7.600;   0;   5.9;   6.4;  998.70;    6.8;   67.00;   11.1;    3.1;    1.3;eor
       2932;20240419;   10;  17.7;   7.1;    9;  13.8;   6;    0.400;   0;   5.5;   7.6;  990.50;    6.0;   81.00;    9.7;    4.6;    4.0;eor
       2932;20240420;   10;  14.7;   4.6;    9;   5.6;   8;    3.900;   0;   6.1;   7.0;  998.10;    5.6;   78.00;    9.6;    2.6;    2.7;eor
       2932;20240421;   10;  11.7;   4.1;    9;   0.4;   6;    5.000;   0;   5.6;   5.9; 1005.10;    4.5;   72.00;    9.0;    1.0;   -0.6;eor
       2932;20240422;   10;   9.3;   2.9;    9;   0.0;   6;    8.200;   0;   3.9;   5.0; 1007.10;    2.9;   67.00;    7.9;   -1.7;   -3.9;eor
       2932;20240423;   10;   5.7;   1.5;    9;   0.0;   0;   10.700;   0;   2.7;   5.0; 1001.90;    4.3;   64.00;   10.0;   -2.2;   -5.3;eor
       2932;20240424;   10;   9.6;   3.8;    9;   1.4;   6;    3.300;   0;   5.7;   6.0;  990.90;    5.6;   67.00;   10.0;    2.9;    1.3;eor
       2932;20240425;   10;  12.3;   4.9;    9;   2.1;   6;    4.900;   0;   5.7;   7.1;  989.10;    6.0;   76.00;   11.0;    3.2;    0.8;eor
       2932;20240426;   10;  10.8;   4.3;    9;   0.0;   0;    8.300;   0;   4.7;   6.8;  990.90;    9.5;   59.00;   15.4;    3.7;    1.2;eor
       2932;20240427;   10;   9.1;   3.3;    9;   0.0;   0;   11.000;   0;   2.0;   8.2;  994.00;   13.7;   56.00;   21.7;    4.8;   -0.1;eor
       2932;20240428;   10;   9.8;   4.2;    9;   0.0;   6;    9.100;   0;   4.3;   9.6;  996.40;   16.4;   54.00;   24.4;    7.6;    5.9;eor
       2932;20240429;   10;   6.2;   2.1;    9;   0.0;   6;    9.100;   0;   3.5;  11.1; 1005.40;   15.9;   62.00;   21.1;   11.2;   10.3;eor
       2932;20240430;   10;   7.2;   2.9;    9;   0.0;   0;   11.600;   0;   2.0;  12.8; 1000.30;   18.3;   63.00;   26.6;   10.3;    8.4;eor
       2932;20240501;   10;  13.9;   5.8;    9;   0.0;   0;   13.400;   0;   0.3;  11.7;  992.70;   18.8;   55.00;   25.0;   11.5;   10.0;eor
       2932;20240502;   10;  15.3;   6.1;    9;   0.0;   0;   11.600;   0;   2.4;  12.3;  986.80;   18.7;   59.00;   24.9;   11.2;   10.0;eor
       2932;20240503;   10;  10.3;   4.9;    9;   0.6;   6;    1.700;   0;   5.8;  12.5;  994.20;   14.8;   75.00;   18.8;   11.1;    9.7;eor
       2932;20240504;   10;   4.1;   1.6;    9;   0.0;   6;    3.300;   0;   7.5;  11.5;  999.40;   14.1;   73.00;   19.0;   10.8;    8.9;eor
       2932;20240505;   10;  12.9;   4.5;    9;   0.9;   6;    5.200;   0;   4.3;  11.3;  993.20;   14.5;   70.00;   20.7;    8.2;    3.8;eor
       2932;20240506;   10;   6.0;   2.0;    9;   0.1;   6;    1.100;   0;   7.4;  11.5;  993.30;   13.6;   74.00;   18.4;    8.7;    4.0;eor
       2932;20240507;   10;   6.7;   2.4;    9;   0.0;   6;    0.000;   0;   6.9;  10.6; 1001.30;   11.2;   80.00;   13.0;    9.3;    8.5;eor
       2932;20240508;   10;   7.7;   2.2;    9;   0.0;   0;    7.000;   0;   5.5;   9.2; 1008.30;   12.6;   65.00;   18.8;    8.1;    3.1;eor
       2932;20240509;   10;   6.2;   1.6;    9;   0.0;   0;   12.900;   0;   2.6;   9.1; 1009.50;   14.1;   58.00;   20.0;    8.0;    4.7;eor
       2932;20240510;   10;   5.0;   1.4;    9;   0.0;   0;   12.500;   0;   2.2;   9.2; 1007.10;   16.3;   51.00;   22.4;    8.6;    5.3;eor
       2932;20240511;   10;   7.9;   2.5;    9;   0.0;   0;   11.300;   0;   2.4;  11.5; 1006.10;   15.5;   67.00;   22.8;    9.6;    7.1;eor
       2932;20240512;   10;   8.7;   4.0;    9;   0.0;   0;   14.000;   0;   0.3;  10.5; 1004.10;   15.3;   63.00;   21.6;    8.8;    7.6;eor
       2932;20240513;   10;  10.8;   4.0;    9;   0.0;   0;   14.900;   0;   0.0;   9.2;  999.30;   17.0;   50.00;   24.2;    8.2;    6.8;eor
       2932;20240514;   10;  19.9;   5.6;    9;   0.0;   0;   14.900;-999;   0.0;   9.5;  995.60;   17.9;   49.00;   25.4;    8.5;    7.2;eor
       2932;20240515;   10;  17.3;   6.9;    9;   0.0;   0;   14.900;-999;   0.0;   8.9;  993.60;   19.2;   43.00;   26.6;   10.4;    8.3;eor
       2932;20240516;   10;  16.5;   6.7;    9;   2.2;   6;    6.400;-999;   4.0;  11.3;  992.40;   17.1;   58.00;   23.3;   13.0;   11.7;eor
       2932;20240517;   10;  18.0;   6.8;    9;   0.0;   6;    6.000;   0;   5.4;  11.1;  992.20;   16.6;   60.00;   22.2;   11.5;   10.3;eor
       2932;20240518;   10;   5.1;   1.4;    9;   3.3;   6;    1.100;   0;   7.6;  13.0;  993.80;   14.5;   79.00;   18.0;   11.4;    8.5;eor
       2932;20240519;   10;   9.9;   3.0;    9;   7.3;   6;    4.500;   0;   6.1;  13.9;  993.70;   15.0;   82.00;   20.0;   11.3;    8.4;eor
       2932;20240520;   10;   5.5;   2.1;    9;   2.7;   6;   12.900;   0;   1.8;  13.3;  995.20;   17.0;   71.00;   23.4;   10.2;    7.7;eor
       2932;20240521;   10;  15.9;   5.1;    9;  10.5;   6;    9.100;   0;   3.7;  15.2;  992.20;   18.7;   72.00;   25.8;   12.7;   11.9;eor
       2932;20240522;   10;  12.2;   4.4;    9;   8.3;   6;    0.000;   0;   7.8;  16.2;  992.30;   15.5;   92.00;   17.0;   13.8;   11.6;eor
       2932;20240523;   10;   9.1;   3.1;    9;   0.0;   0;   13.500;   0;   2.3;  13.4;  998.90;   17.6;   69.00;   23.6;   11.4;    9.7;eor
       2932;20240524;   10;  12.9;   2.6;    9;   5.5;   6;    6.600;   0;   4.1;  15.1; 1001.30;   16.2;   83.00;   23.9;   11.3;    8.6;eor
       2932;20240525;   10;  10.5;   2.0;    9;   0.2;   6;    5.200;   0;   6.4;  15.7; 1001.40;   16.5;   85.00;   22.2;   13.2;   12.1;eor
       2932;20240526;   10;   8.2;   2.9;    9;   0.0;   6;   12.300;   0;   2.4;  14.8; 1001.70;   19.1;   69.00;   25.0;   12.1;    8.9;eor
       2932;20240527;   10;   9.6;   2.5;    9;   5.4;   6;    4.900;   0;   6.5;  15.6; 1000.60;   18.9;   72.00;   23.3;   15.0;   14.5;eor
       2932;20240528;   10;   8.1;   2.3;    9;   2.1;   6;    6.100;   0;   4.1;  13.2; 1001.20;   15.3;   77.00;   19.3;   10.8;    6.7;eor
       2932;20240529;   10;  10.1;   4.2;    9;   0.7;   6;    1.400;   0;   6.7;  12.8;  996.80;   15.8;   72.00;   20.2;   10.3;    7.4;eor
       2932;20240530;   10;   5.7;   2.3;    9;  10.2;   6;    0.000;   0;   6.8;  15.5;  989.40;   15.2;   89.00;   17.4;   12.5;    9.6;eor
       2932;20240531;   10;   7.2;   3.0;    9;   0.2;   6;    3.500;   0;   6.5;  14.6;  992.20;   15.7;   82.00;   19.3;   11.4;   10.6;eor
       2932;20240601;   10;  12.7;   3.5;    9;  18.6;   6;    3.500;   0;   6.0;  17.4;  994.50;   17.6;   87.00;   22.6;   14.7;   14.1;eor
       2932;20240602;   10;  11.7;   4.2;    9;   0.1;   6;    1.500;   0;   6.3;  16.0; 1000.40;   16.4;   85.00;   19.8;   13.6;   13.4;eor
       2932;20240603;   10;   7.9;   3.2;    9;   0.0;   0;    2.500;   0;   7.5;  11.2; 1001.80;   13.8;   71.00;   17.5;   11.1;    9.8;eor
       2932;20240604;   10;   6.3;   2.2;    9;   0.0;   0;    9.300;   0;   4.3;  11.6;  998.10;   15.8;   66.00;   20.8;   10.7;    9.0;eor
       2932;20240605;   10;  10.8;   3.9;    9;   0.9;   6;    2.600;   0;   6.3;  13.8;  995.80;   16.2;   76.00;   22.2;   12.5;    9.0;eor
       2932;20240606;   10;   5.7;   2.2;    9;   0.0;   6;   11.300;   0;   3.8;  11.9; 1000.40;   16.3;   67.00;   22.2;   10.5;    7.3;eor
       2932;20240607;   10;   7.2;   2.2;    9;   0.0;   0;    8.900;   0;   3.6;  11.5; 1001.40;   15.6;   66.00;   20.6;   10.1;    7.7;eor
       2932;20240608;   10;  11.1;   3.3;    9;   0.0;   0;   14.600;   0;   1.4;  11.9;  995.10;   19.0;   57.00;   25.7;   10.9;    6.9;eor
       2932;20240609;   10;  11.5;   2.4;    9;   0.0;   0;   10.400;   0;   3.3;  10.7;  992.80;   16.0;   61.00;   21.4;   10.6;    7.3;eor
       2932;20240610;   10;  11.3;   2.6;    9;   0.3;   6;    9.400;   0;   3.9;  10.8;  990.60;   14.5;   67.00;   20.9;    8.3;    6.0;eor
       2932;20240611;   10;  16.3;   7.3;    9;   0.0;   0;    6.900;   0;   4.8;   8.8;  996.30;   13.3;   59.00;   18.5;    8.4;    5.2;eor
       2932;20240612;   10;  10.8;   3.4;    9;   0.0;   6;   10.500;   0;   3.4;   9.3; 1001.20;   13.2;   64.00;   19.1;    7.0;    2.8;eor
       2932;20240613;   10;  11.5;   2.0;    9;   1.1;   6;    7.300;   0;   4.4;   9.6; 1001.40;   13.5;   64.00;   19.0;    9.3;    7.6;eor
       2932;20240614;   10;  11.7;   4.5;    9;   0.8;   6;    3.100;   0;   5.9;  11.8;  996.10;   15.2;   68.00;   20.6;   10.3;    8.6;eor
       2932;20240615;   10;  16.5;   5.4;    9;   4.9;   6;    7.800;   0;   4.7;  12.5;  991.50;   17.0;   66.00;   22.4;   13.7;    8.7;eor
       2932;20240616;   10;  11.0;   3.8;    9;   0.2;   6;    9.800;   0;   4.5;  11.8;  994.20;   18.0;   58.00;   24.1;   10.9;    6.8;eor
       2932;20240617;   10;  10.6;   3.5;    9;   0.0;   6;    4.600;   0;   5.0;  15.2;  997.00;   18.8;   71.00;   25.1;   15.0;   11.1;eor
       2932;20240618;   10;  13.2;   2.4;    9;  18.2;   6;   10.900;   0;   3.3;  16.8;  997.90;   19.7;   75.00;   27.6;   13.0;    9.4;eor
       2932;20240619;   10;   7.2;   2.5;    9;   3.7;   6;    0.100;   0;   6.5;  16.1; 1000.50;   15.1;   93.00;   17.4;   11.4;    9.1;eor
       2932;20240620;   10;   7.7;   2.5;    9;   0.0;   0;    3.900;   0;   6.3;  14.7; 1004.90;   16.5;   80.00;   22.1;   10.2;    9.1;eor
       2932;20240621;   10;  10.1;   2.9;    9;  24.8;   6;    6.300;   0;   4.0;  19.7;  996.70;   21.0;   79.00;   27.0;   16.6;   15.2;eor
       2932;20240622;   10;  11.8;   5.6;    9;   0.7;   6;    9.100;   0;   5.6;  15.4;  996.10;   18.9;   72.00;   23.7;   14.1;   14.1;eor
       2932;20240623;   10;   7.7;   2.5;    9;   0.0;   0;    7.200;   0;   4.3;  14.6; 1002.30;   18.8;   68.00;   23.3;   12.8;   10.9;eor
       2932;20240624;   10;  10.3;   2.0;    9;   0.0;   0;   14.500;   0;   0.9;  13.8; 1004.20;   19.7;   62.00;   24.8;   13.5;   10.9;eor
       2932;20240625;   10;   9.8;   3.7;    9;   0.0;   0;   15.500;-999;   0.4;  15.0; 1000.80;   21.1;   62.00;   26.4;   14.2;   12.8;eor
       2932;20240626;   10;   9.6;   3.7;    9;   0.0;   0;   14.500;   0;   1.4;  18.7;  995.50;   24.0;   65.00;   31.6;   16.3;   15.3;eor
       2932;20240627;   10;  12.2;   3.5;    9;   0.0;   6;    9.200;   0;   2.3;  20.3;  993.20;   23.7;   71.00;   29.8;   18.1;   16.1;eor
       2932;20240628;   10;  13.7;   4.3;    9;   0.0;   0;   12.400;   0;   2.6;  17.1;  997.80;   22.6;   63.00;   28.9;   15.8;   10.5;eor
       2932;20240629;   10;   7.2;   2.5;    9;  19.4;   6;   13.100;-999;   1.5;  17.0;  998.00;   23.4;   60.00;   30.1;   14.0;   10.1;eor
       2932;20240630;   10;  14.6;   4.9;    9;   4.7;   6;    1.600;   0;   6.8;  20.1;  990.50;   20.6;   83.00;   26.4;   16.3;   15.9;eor
       2932;20240701;   10;  13.0;   4.0;    9;  10.4;   6;    3.000;   0;   6.7;  15.8;  996.40;   16.3;   85.00;   21.2;   12.8;   12.3;eor
       2932;20240702;   10;  12.3;   4.8;    9;   2.4;   6;    0.400;   0;   7.7;  13.8;  996.60;   15.0;   82.00;   18.4;   11.9;   11.1;eor
       2932;20240703;   10;   8.4;   3.6;    9;   0.0;   6;    1.100;   0;   7.3;  11.9;  994.00;   14.1;   75.00;   18.5;    9.4;    8.4;eor
       2932;20240704;   10;  13.4;   5.0;    9;   4.8;   6;    4.800;   0;   5.3;  13.1;  992.20;   14.9;   77.00;   21.2;   11.1;    7.3;eor
       2932;20240705;   10;  14.2;   4.7;    9;   0.0;   0;    4.700;   0;   6.9;  12.5;  995.40;   16.9;   67.00;   21.5;   11.7;    8.4;eor
       2932;20240706;   10;  16.3;   5.4;    9;   0.9;   6;    7.300;   0;   5.8;  16.1;  990.00;   21.1;   66.00;   30.2;   14.5;   12.3;eor
       2932;20240707;   10;  11.1;   3.5;    9;   0.0;   0;   12.000;   0;   3.5;  10.5;  998.20;   17.6;   54.00;   22.9;   12.1;    8.1;eor
       2932;20240708;   10;   6.7;   2.3;    9;   0.0;   0;   13.700;-999;   2.9;  11.8; 1001.90;   20.5;   51.00;   26.7;   11.9;    8.1;eor
       2932;20240709;   10;   9.6;   3.0;    9;   0.0;   0;   15.000;-999;   1.0;  16.5; 1001.00;   24.2;   56.00;   31.2;   14.7;   12.5;eor
       2932;20240710;   10;  14.4;   3.3;    9;   3.5;   6;    7.300;   0;   3.6;  20.3;  999.00;   23.4;   72.00;   29.7;   19.0;   17.9;eor
       2932;20240711;   10;   9.1;   2.4;    9;  10.6;   6;    7.800;   0;   4.8;  19.4; 1000.40;   22.0;   75.00;   27.2;   18.3;   16.6;eor
       2932;20240712;   10;   8.9;   3.3;    9;  14.1;   6;    4.300;   0;   5.2;  20.8;  995.00;   20.9;   84.00;   25.6;   17.3;   16.9;eor
       2932;20240713;   10;  11.8;   4.3;    9;   0.0;   0;   10.000;   0;   4.3;  13.3;  996.30;   18.3;   65.00;   23.7;   14.0;   12.2;eor
       2932;20240714;   10;   7.9;   2.0;    9;   0.0;   6;    7.900;   0;   5.8;  14.1;  997.80;   19.6;   64.00;   25.5;   12.9;   10.6;eor
       2932;20240715;   10;   6.7;   2.3;    9;   0.1;   6;   14.000;   0;   2.1;  14.6;  996.60;   22.8;   55.00;   29.8;   15.2;   11.7;eor
       2932;20240716;   10;  14.7;   6.0;    9;   0.0;   6;    7.500;   0;   4.7;  16.6;  996.20;   22.3;   63.00;   27.8;   15.3;   13.7;eor
       2932;20240717;   10;  12.7;   4.2;    9;   0.0;   0;    9.300;   0;   3.0;  14.6; 1003.80;   19.9;   64.00;   25.0;   14.3;   11.2;eor
       2932;20240718;   10;   6.3;   1.5;    9;   0.0;   0;   14.200;-999;   1.7;  14.6; 1007.30;   20.8;   62.00;   26.9;   13.1;    9.9;eor
       2932;20240719;   10;   6.9;   2.4;    9;   0.0;   0;   12.500;-999;   2.1;  15.3; 1003.90;   23.2;   56.00;   28.7;   15.5;   14.2;eor
       2932;20240720;   10;   8.6;   3.5;    9;   0.0;   0;   12.100;-999;   1.5;  16.2;  995.80;   24.2;   55.00;   30.9;   16.9;   16.3;eor
       2932;20240721;   10;  12.9;   2.8;    9;   4.5;   6;   10.200;-999;   3.3;  19.2;  992.30;   24.4;   65.00;   32.5;   17.3;   15.2;eor
       2932;20240722;   10;  13.2;   4.5;    9;   0.0;   0;    8.800;   0;   4.7;  16.5;  998.70;   22.0;   63.00;   26.9;   16.6;   12.7;eor
       2932;20240723;   10;  12.2;   3.0;    9;  10.9;   6;    6.400;   0;   5.8;  15.9; 1000.70;   20.9;   67.00;   28.5;   15.8;   14.5;eor
       2932;20240724;   10;   9.4;   3.4;    9;   0.6;   6;    2.600;   0;   6.2;  15.6; 1001.40;   18.1;   76.00;   22.3;   13.8;   11.1;eor
       2932;20240725;   10;   6.5;   2.0;    9;   0.0;   0;   13.300;   0;   2.1;  13.0;  999.60;   18.6;   63.00;   24.8;   12.2;    9.5;eor
       2932;20240726;   10;   9.6;   3.1;    9;   4.4;   6;    2.400;   0;   6.6;  16.3;  996.40;   20.0;   69.00;   24.3;   15.8;   13.2;eor
       2932;20240727;   10;   6.5;   1.8;    9;   5.9;   6;    1.000;   0;   5.7;  20.6;  998.20;   20.2;   87.00;   24.6;   17.7;   15.8;eor
       2932;20240728;   10;  10.8;   3.5;    9;   0.0;   6;    8.000;   0;   4.5;  15.9; 1005.20;   19.0;   74.00;   23.5;   14.8;   11.9;eor
       2932;20240729;   10;   6.9;   2.0;    9;   0.0;   0;   14.800;   0;   0.0;  12.3; 1008.50;   18.5;   60.00;   24.1;   12.9;   10.3;eor
       2932;20240730;   10;   5.7;   2.3;    9;   0.0;   0;   14.200;   0;   0.4;  13.2; 1002.60;   21.4;   55.00;   29.3;   12.4;    8.9;eor
       2932;20240731;   10;   8.4;   2.1;    9;   0.0;   0;   11.600;   0;   2.8;  15.5;  998.10;   24.3;   53.00;   31.6;   16.0;   13.7;eor
       2932;20240801;   10;   6.7;   1.9;    9;  35.9;   6;   11.100;-999;   2.9;  18.6;  995.40;   23.9;   65.00;   29.6;   18.0;   16.0;eor
       2932;20240802;   10;   7.2;   2.6;    9;   6.3;   6;    4.600;-999;   6.3;  18.3;  994.80;   19.0;   84.00;   22.9;   15.5;   14.4;eor
       2932;20240803;   10;  12.9;   1.9;    9;   3.6;   6;    9.100;-999;   3.9;  16.7;  995.60;   20.8;   70.00;   26.7;   14.8;   13.3;eor
       2932;20240804;   10;  15.3;   4.3;    9;   4.1;   6;    5.400;-999;   5.6;  17.5;  996.70;   19.6;   77.00;   25.5;   16.5;   15.1;eor
       2932;20240805;   10;   6.2;   2.0;    9;   0.0;   0;    8.900;-999;   5.2;  13.3;  999.90;   18.2;   65.00;   22.9;   14.0;   12.5;eor
       2932;20240806;   10;   6.5;   2.5;    9;   0.0;   0;   14.300;   0;   0.4;  14.3;  997.80;   20.7;   61.00;   27.5;   13.7;   11.4;eor
       2932;20240807;   10;  10.3;   2.6;    9;   0.0;   6;   10.400;   0;   2.6;  17.5;  995.40;   22.7;   65.00;   29.7;   15.8;   13.0;eor
       2932;20240808;   10;   5.7;   1.9;    9;   0.0;   6;    3.300;   0;   5.4;  15.9; 1000.00;   20.0;   69.00;   23.9;   16.4;   13.1;eor
       2932;20240809;   10;  11.8;   4.1;    9;   0.1;   6;    3.200;   0;   5.0;  17.1; 1000.10;   20.6;   72.00;   27.2;   14.2;   11.8;eor
       2932;20240810;   10;  12.3;   3.5;    9;   0.0;   0;   12.200;   0;   2.5;  16.4; 1003.60;   21.6;   66.00;   27.3;   15.7;   13.5;eor
       2932;20240811;   10;   6.0;   1.9;    9;   0.0;   6;    7.900;   0;   4.2;  15.8; 1005.30;   21.3;   63.00;   26.3;   17.6;   14.8;eor
       2932;20240812;   10;   6.5;   2.6;    9;   0.0;   0;   14.100;   0;   0.2;  15.3;  999.80;   22.1;   59.00;   28.4;   13.7;   11.4;eor
       2932;20240813;   10;   8.7;   3.7;    9;   0.0;   0;   13.100;-999;   0.3;  16.6;  996.00;   25.2;   53.00;   32.4;   16.4;   14.4;eor
       2932;20240814;   10;  11.8;   3.0;    9;   0.0;   0;    8.700;   0;   2.6;  19.5;  995.20;   24.7;   64.00;   31.9;   18.2;   17.0;eor
       2932;20240815;   10;  11.7;   3.4;    9;   0.0;   0;    9.200;   0;   1.7;  19.6;  999.80;   23.2;   71.00;   28.4;   18.0;   15.7;eor
       2932;20240816;   10;  11.7;   3.6;    9;   0.0;   0;   12.200;   0;   1.2;  17.0;  999.50;   23.8;   60.00;   30.2;   17.5;   14.4;eor
       2932;20240817;   10;  10.8;   3.1;    9;   0.0;   0;    9.700;   0;   4.6;  18.6;  996.50;   22.8;   69.00;   29.4;   17.2;   14.4;eor
       2932;20240818;   10;   9.8;   2.9;    9;   0.4;   6;    0.100;   0;   7.9;  19.9;  994.30;   19.9;   85.00;   23.3;   17.0;   16.8;eor
       2932;20240819;   10;   8.2;   3.0;    9;   0.0;   0;    9.300;   0;   3.5;  13.6; 1001.50;   18.6;   65.00;   22.9;   13.7;   11.0;eor
       2932;20240820;   10;   8.4;   2.6;    9;   1.1;   6;   10.200;   0;   3.2;  15.9;  997.70;   21.3;   64.00;   27.5;   12.1;    9.6;eor
       2932;20240821;   10;  14.9;   6.0;    9;   0.0;   4;    9.700;-999;   3.1;  13.1;  998.00;   19.3;   58.00;   23.2;   13.1;    9.8;eor
       2932;20240822;   10;  11.5;   3.9;    9;   0.0;   0;   10.400;-999;   4.0;  11.2;  997.90;   18.4;   55.00;   24.7;   12.7;   10.5;eor
       2932;20240823;   10;  14.7;   6.0;    9;   0.0;   0;   10.900;-999;   1.7;  12.2;  994.80;   22.5;   47.00;   30.5;   14.8;   12.3;eor
       2932;20240824;   10;  11.5;   4.6;    9;   0.1;   6;   13.200;   0;   0.0;  15.4;  995.40;   25.7;   49.00;   33.8;   16.1;   13.7;eor
       2932;20240825;   10;  18.0;   4.6;    9;   0.0;   6;    4.300;   0;   3.8;  14.1; 1002.40;   20.3;   59.00;   27.1;   14.2;   10.1;eor
       2932;20240826;   10;   6.2;   1.6;    9;   0.0;   0;   11.900;   0;   1.5;  11.2; 1006.50;   18.7;   54.00;   25.0;   11.4;    8.7;eor
       2932;20240827;   10;   9.3;   3.0;    9;   0.0;   0;   13.200;-999;   0.0;  11.8; 1006.90;   19.5;   54.00;   26.8;   10.8;    7.0;eor
       2932;20240828;   10;   8.7;   3.4;    9;   0.0;   0;   12.900;-999;   0.0;  17.0; 1002.50;   23.2;   61.00;   31.1;   13.6;   11.3;eor
       2932;20240829;   10;   7.5;   2.5;    9;   0.0;   0;   11.800;   0;   0.8;  17.3; 1001.10;   26.3;   54.00;   34.2;   18.3;   15.1;eor
       2932;20240830;   10;  12.0;   4.2;    9;   5.3;   6;   11.500;   0;   2.9;  18.2; 1004.00;   22.6;   68.00;   29.3;   16.4;   16.2;eor
       2932;20240831;   10;   8.2;   3.4;    9;   0.0;   0;    7.600;   0;   3.5;  14.9; 1008.00;   18.6;   71.00;   23.2;   15.4;   14.6;eor
       2932;20240901;   10;   9.3;   3.7;    9;   0.0;   0;   12.500;   0;   0.0;  14.7; 1003.40;   20.2;   63.00;   27.4;   14.2;   13.4;eor
       2932;20240902;   10;   6.2;   2.7;    9;   0.0;   0;   12.200;   0;   0.3;  15.7;  998.70;   21.4;   63.00;   29.3;   13.7;   11.9;eor
       2932;20240903;   10;   7.2;   2.2;    9;   0.0;   0;   10.700;   0;   4.0;  17.9;  998.70;   24.7;   60.00;   32.4;   18.1;   16.0;eor
       2932;20240904;   10;   8.7;   2.4;    9;   0.0;   0;   10.400;   0;   0.8;  16.5;  997.50;   25.8;   53.00;   34.1;   17.7;   15.5;eor
       2932;20240905;   10;  15.4;   5.9;    9;   0.0;   0;   11.900;   0;   0.1;  14.6;  996.20;   25.3;   48.00;   32.1;   18.2;   16.8;eor
       2932;20240906;   10;  11.3;   5.2;    9;   0.0;   0;   11.400;   0;   0.2;  12.0;  997.00;   23.5;   43.00;   30.6;   17.3;   14.7;eor
       2932;20240907;   10;  12.7;   3.8;    9;   0.0;   0;   12.000;   0;   0.0;  14.1;  996.90;   23.3;   52.00;   31.4;   14.2;   12.3;eor
       2932;20240908;   10;  11.8;   2.8;    9;  19.2;   6;    9.900;   0;   2.5;  15.7;  992.30;   23.9;   56.00;   31.7;   16.6;   13.8;eor
       2932;20240909;   10;  11.3;   4.8;    9;   6.5;   6;    3.100;   0;   6.9;  16.8;  987.70;   17.6;   84.00;   22.7;   15.5;   15.0;eor
       2932;20240910;   10;  13.4;   5.4;    9;   0.0;   6;    6.200;   0;   5.6;  13.2;  993.40;   16.1;   73.00;   19.4;   13.6;   13.2;eor
       2932;20240911;   10;  16.6;   5.5;    9;   0.7;   6;    0.000;   0;   7.6;  11.7;  989.90;   14.0;   73.00;   16.3;    9.3;    8.3;eor
       2932;20240912;   10;   7.2;   3.0;    9;   0.0;   6;    7.200;   0;   5.4;   9.2;  996.80;   10.9;   72.00;   15.5;    5.9;    3.9;eor
       2932;20240913;   10;  14.2;   4.3;    9;   7.7;   6;    0.000;   0;   6.3;  10.0; 1002.50;   10.8;   77.00;   13.9;    7.8;    5.7;eor
       2932;20240914;   10;  15.3;   5.9;    9;   0.0;   0;    6.500;   0;   4.6;   9.4; 1007.80;   12.2;   67.00;   16.5;    9.2;    7.0;eor
       2932;20240915;   10;  14.4;   4.6;    9;   7.3;   6;    8.100;   0;   5.1;  10.0; 1006.70;   12.8;   68.00;   18.3;    8.0;    6.3;eor
       2932;20240916;   10;  12.2;   4.7;    9;   7.7;   6;    0.000;   0;   7.8;  13.0; 1004.70;   12.9;   87.00;   15.5;   10.5;   10.3;eor
       2932;20240917;   10;   8.4;   3.5;    9;   0.0;   0;    7.400;   0;   3.6;  16.3; 1009.30;   17.8;   81.00;   22.9;   15.1;   12.8;eor
       2932;20240918;   10;   8.7;   3.0;    9;   1.1;   6;    7.500;   0;   2.4;  15.9; 1011.40;   17.6;   80.00;   24.0;   12.9;   12.1;eor
       2932;20240919;   10;  11.7;   4.1;    9;   0.0;   6;    7.800;   0;   2.1;  15.2; 1009.00;   17.6;   77.00;   22.9;   14.1;   12.4;eor
       2932;20240920;   10;   8.2;   3.7;    9;   0.0;   0;   11.200;   0;   0.5;  12.7; 1008.30;   16.5;   69.00;   22.5;   11.6;   10.5;eor
       2932;20240921;   10;   9.1;   4.0;    9;   0.0;   0;   11.700;   0;   0.2;  11.8; 1005.90;   16.5;   64.00;   23.7;   10.7;    8.3;eor
       2932;20240922;   10;   4.6;   1.8;    9;   0.0;   0;   10.900;   0;   0.7;  12.2; 1000.20;   16.5;   67.00;   23.9;    8.8;    6.3;eor
       2932;20240923;   10;   6.5;   1.9;    9;  17.4;   6;    9.600;   0;   3.5;  14.1;  993.60;   17.9;   71.00;   25.0;   12.1;    8.4;eor
       2932;20240924;   10;  12.2;   4.3;    9;  17.8;   6;    1.500;   0;   6.5;  15.1;  989.50;   15.3;   87.00;   17.8;   14.1;   12.0;eor
       2932;20240925;   10;  12.9;   5.6;    9;   0.3;   6;    0.800;   0;   7.0;  14.0;  990.20;   16.3;   76.00;   19.6;   14.4;   13.4;eor
       2932;20240926;   10;  15.9;   6.8;    9;   2.4;   6;    0.000;   0;   6.8;  15.1;  981.00;   16.6;   80.00;   20.2;   14.4;   13.1;eor
       2932;20240927;   10;  18.9;   9.7;    9;   0.2;   6;    9.000;   0;   3.1;  11.2;  984.30;   16.0;   62.00;   19.7;   12.7;   11.3;eor
       2932;20240928;   10;  14.4;   5.2;    9;   0.0;   6;    3.900;   0;   4.5;   9.7;  999.50;   11.2;   74.00;   15.8;    5.4;    2.7;eor
       2932;20240929;   10;   6.3;   2.9;    9;   0.0;   0;    6.900;   0;   3.6;   8.6; 1011.30;    8.7;   78.00;   14.8;    4.1;    1.0;eor
       2932;20240930;   10;  12.7;   5.2;    9;   2.7;   6;    5.300;   0;   6.5;   8.8; 1003.20;   10.7;   70.00;   15.8;    4.3;    3.3;eor
       2932;20241001;   10;  11.8;   4.4;    9;   1.1;   6;    2.900;   0;   6.8;  12.7;  994.00;   12.9;   85.00;   18.4;    9.6;    7.3;eor
       2932;20241002;   10;   7.2;   2.6;    9;   0.2;   6;    0.600;   0;   7.0;  11.5;  993.50;   10.0;   94.00;   13.2;    6.8;    4.5;eor
       2932;20241003;   10;   7.5;   3.2;    9;   1.7;   6;    0.100;   0;   7.5;  11.5;  999.50;   10.1;   93.00;   11.2;    9.3;    8.8;eor
       2932;20241004;   10;   8.6;   3.8;    9;   1.5;   6;    0.100;   0;   7.5;  11.6; 1002.30;   10.8;   90.00;   12.9;    9.2;    8.7;eor
       2932;20241005;   10;   6.2;   2.1;    9;   0.1;   6;    0.000;   0;   7.8;  10.6; 1002.60;    9.3;   91.00;   11.7;    6.2;    3.8;eor
       2932;20241006;   10;   5.7;   2.3;    9;   0.0;   0;    2.100;   0;   5.0;   9.9;  996.50;    8.7;   88.00;   12.8;    5.4;    2.3;eor
       2932;20241007;   10;   9.1;   3.7;    9;   1.8;   6;    1.700;   0;   5.8;  13.0;  990.70;   12.1;   90.00;   17.0;    5.9;    4.4;eor
       2932;20241008;   10;   8.2;   3.3;    9;  11.9;   6;    4.800;   0;   5.3;  16.1;  986.80;   16.1;   89.00;   20.8;   13.0;   12.1;eor
       2932;20241009;   10;-999;   4.8;    9;   0.8;   4;    5.200;   0;   6.0;  13.7;  980.10;   15.5;   79.00;   19.3;   11.6;   10.2;eor
       2932;20241010;   10;  22.6;   7.3;    9;   1.8;   4;    1.600;   0;   6.3;  12.9;  979.20;   14.6;   77.00;   19.2;    7.4;    3.7;eor
       2932;20241011;   10;   9.8;   2.6;    9;   0.0;   4;    4.100;   0;   3.4;   8.7;  999.00;    8.6;   78.00;   12.6;    4.8;    0.7;eor
       2932;20241012;   10;   9.9;   4.5;    9;   1.2;   4;    6.800;   0;   3.2;   8.7;  999.90;    8.5;   79.00;   13.6;    3.4;    0.6;eor
       2932;20241013;   10;  21.8;   8.7;    9;   0.0;   0;    5.300;   0;   5.5;   9.4;  995.10;   10.3;   75.00;   13.1;    7.2;    6.1;eor
       2932;20241014;   10;   8.1;   2.9;    9;   0.0;   0;    3.800;   0;   5.5;   8.9; 1002.80;    8.9;   78.00;   13.2;    4.3;    0.2;eor
       2932;20241015;   10;   6.7;   2.3;    9;   0.0;   0;    9.400;   0;   0.5;   8.3; 1007.60;    7.0;   83.00;   12.6;    2.2;   -1.3;eor
       2932;20241016;   10;  12.9;   5.9;    9;   0.0;   0;    9.900;   0;   1.0;   9.1; 1003.90;    9.3;   78.00;   15.7;    3.7;    2.5;eor
       2932;20241017;   10;   9.8;   3.8;    9;   0.0;   0;    6.900;   0;   2.7;  11.0; 1000.30;   11.7;   80.00;   18.0;    5.8;    3.2;eor
       2932;20241018;   10;   5.7;   2.8;    9;   0.0;   4;    6.200;   0;   2.3;  11.5;  999.40;   11.3;   87.00;   16.5;    7.0;    5.5;eor
       2932;20241019;   10;   9.8;   4.2;    9;   0.0;   0;    6.800;   0;   4.0;  13.5; 1001.90;   14.3;   84.00;   20.0;   10.8;    8.4;eor
       2932;20241020;   10;   9.6;   4.0;    9;   0.1;   6;    4.900;   0;   6.3;  13.2; 1006.10;   14.1;   83.00;   18.4;   10.6;    9.2;eor
       2932;20241021;   10;   9.1;   4.5;    9;   0.0;   6;    3.100;   0;   6.8;  14.7; 1008.10;   15.9;   81.00;   20.7;   14.0;   11.7;eor
       2932;20241022;   10;  11.1;   4.1;    9;   0.0;   0;    2.600;   0;   3.8;  12.0; 1010.60;   12.7;   81.00;   16.8;    6.8;    2.6;eor
       2932;20241023;   10;   5.1;   2.2;    9;   0.0;   0;    8.700;   0;   0.5;   9.9; 1018.80;    9.1;   86.00;   16.0;    3.8;    1.6;eor
       2932;20241024;   10;   9.3;   3.8;    9;   0.0;   0;    9.100;   0;   0.8;  10.3; 1012.40;    9.7;   86.00;   15.5;    3.5;    2.0;eor
       2932;20241025;   10;   7.4;   3.2;    9;   0.0;   4;    9.400;   0;   2.0;  12.4; 1005.50;   13.1;   83.00;   19.2;    8.8;    6.9;eor
       2932;20241026;   10;   5.1;   2.7;    9;   0.0;   0;    9.300;   0;   0.5;  12.2; 1004.00;   12.2;   86.00;   18.7;    8.3;    5.0;eor
       2932;20241027;   10;   9.3;   3.5;    9;   0.3;   6;    2.600;   0;   5.4;  12.5; 1004.50;   11.9;   89.00;   16.6;    6.6;    3.6;eor
       2932;20241028;   10;  12.0;   3.9;    9;   0.0;   0;    2.000;   0;   7.8;  13.6; 1008.30;   13.9;   86.00;   18.3;   10.0;    7.7;eor
       2932;20241029;   10;   8.7;   3.6;    9;   1.5;   4;    2.700;   0;   7.3;  13.1; 1008.70;   12.9;   88.00;   15.9;    9.8;    7.0;eor
       2932;20241030;   10;   6.0;   2.7;    9;   1.6;   4;    0.000;   0;   7.6;  13.9; 1010.40;   12.7;   94.00;   14.6;   11.1;   10.5;eor
       2932;20241031;   10;   6.7;   2.8;    9;   0.0;   0;    0.700;   0;   5.8;  11.6; 1010.90;   11.0;   88.00;   14.8;    7.1;    4.5;eor
       2932;20241101;    3;  11.1;   5.7;    3;   0.2;   6;    2.000;   0;   5.3;  10.4; 1006.90;    9.8;   86.00;   12.6;    7.0;    6.0;eor
       2932;20241102;    3;   9.8;   2.5;    3;   0.0;   0;    0.500;   0;   5.4;   8.7; 1014.00;    7.5;   83.00;   10.3;    1.8;   -2.2;eor
       2932;20241103;    3;   5.7;   2.1;    3;   0.0;   0;    8.000;   0;   0.2;   7.5; 1014.60;    4.4;   90.00;   10.5;   -0.4;   -3.0;eor
       2932;20241104;    3;   5.1;   2.0;    3;   0.0;   0;    0.100;   0;   5.0;   8.3; 1014.20;    5.1;   94.00;    8.8;   -0.8;   -2.9;eor
       2932;20241105;    3;   6.7;   2.4;    3;   0.0;   0;    2.700;   0;   6.5;   8.8; 1010.40;    6.0;   95.00;   10.8;    2.9;    1.2;eor
       2932;20241106;    3;   6.2;   1.9;    3;   0.0;   0;    0.000;   0;   7.9;   8.5; 1014.10;    5.4;   95.00;    6.5;    4.4;    4.5;eor
       2932;20241107;    3;   5.1;   1.7;    3;   0.0;   0;    0.000;   0;   7.9;   8.0; 1017.60;    5.1;   91.00;    5.8;    4.2;    4.3;eor
       2932;20241108;    3;   9.3;   3.7;    3;   0.0;   0;    0.300;   0;   7.0;   8.2; 1014.20;    5.0;   93.00;    7.3;    1.7;   -0.6;eor
       2932;20241109;    3;   5.1;   2.2;    3;   0.0;   0;    0.200;   0;   6.0;   7.1; 1011.70;    2.2;   98.00;    4.3;   -0.8;   -2.2;eor
       2932;20241110;    3;   3.6;   1.0;    3;   0.0;   0;    0.000;   0;   8.0;   6.7; 1012.10;    1.4;  100.00;    3.4;    0.0;    0.3;eor
       2932;20241111;    3;   4.6;   1.6;    3;   0.7;   6;    0.000;   0;   7.8;   9.2; 1010.90;    6.2;   97.00;    8.2;    3.4;    3.5;eor
       2932;20241112;    3;   7.0;   2.8;    3;   0.0;   0;    0.000;   0;   7.8;   8.1; 1014.60;    4.6;   95.00;    6.2;    3.2;    1.0;eor
       2932;20241113;    3;   7.7;   2.4;    3;   0.2;   4;    0.000;   0;   6.8;   7.8; 1013.00;    4.4;   93.00;    7.3;    1.1;   -1.6;eor
       2932;20241114;    3;   9.1;   4.4;    3;   1.0;   4;    0.000;   0;   7.0;   9.1; 1007.80;    6.3;   95.00;    8.6;    2.1;    0.8;eor
       2932;20241115;    3;   6.7;   3.2;    3;   0.0;   0;    0.000;   0;   7.9;   8.9; 1008.90;    7.5;   85.00;    9.3;    6.2;    4.9;eor
       2932;20241116;    3;  12.2;   5.6;    3;   0.2;   4;    0.000;   0;   8.0;   7.1; 1002.30;    6.2;   75.00;    6.9;    5.1;    3.6;eor
       2932;20241117;    3;  14.9;   7.7;    3;   7.6;   4;    0.000;   0;   6.3;   7.5;  992.50;    5.3;   84.00;    6.8;    3.2;    1.7;eor
       2932;20241118;    3;  12.3;   6.1;    3;   1.0;   4;    5.600;   0;   3.6;   6.4;  992.20;    3.4;   83.00;    6.4;    1.4;   -0.9;eor
       2932;20241119;    3;  19.9;   7.4;    3;   5.4;   4;    0.000;   0;   6.0;   8.2;  978.70;    6.0;   86.00;   11.9;    0.9;    0.5;eor
       2932;20241120;    3;  16.3;   6.8;    3;   2.1;   4;    1.000;   0;   6.5;   6.1;  980.60;    2.5;   84.00;    4.3;    0.3;   -0.1;eor
       2932;20241121;    3;  13.7;   6.5;    3;   0.0;   0;    4.500;   0;   3.5;   5.0;  981.30;    0.6;   78.00;    3.6;   -2.0;   -4.0;eor
       2932;20241122;    3;  15.4;   7.8;    3;   0.4;   4;    2.200;   0;   6.0;   5.2;  984.00;    1.3;   77.00;    2.8;   -0.9;   -1.8;eor
       2932;20241123;    3;  13.7;   6.7;    3;   0.8;   4;    2.500;   0;   2.7;   5.4; 1001.70;    2.4;   74.00;    5.4;   -2.7;   -4.4;eor
       2932;20241124;    3;  14.1;   7.8;    3;   2.3;   4;    0.000;   0;   5.1;   8.4;  997.50;    9.8;   69.00;   13.6;    4.3;    2.7;eor
       2932;20241125;    3;  12.3;   6.5;    3;   1.5;   4;    0.700;   0;   5.5;   8.4;  994.50;   12.4;   58.00;   16.0;    9.6;    7.5;eor
       2932;20241126;    3;   8.7;   3.8;    3;   0.0;   0;    2.600;   0;   3.1;   9.7; 1001.50;    8.8;   85.00;   11.7;    4.8;    0.2;eor
       2932;20241127;    3;  14.4;   5.2;    3;   0.1;   4;    3.000;   0;   4.7;   8.3; 1002.20;    7.6;   80.00;   10.5;    3.9;    2.2;eor
       2932;20241128;    3;  22.8;  10.2;    3;   1.5;   6;    0.000;   0;   6.3;   7.6;  999.50;    6.9;   77.00;   11.2;    5.0;    4.5;eor
       2932;20241129;    3;  10.3;   2.7;    3;   0.0;   6;    0.000;   0;   7.5;   7.0; 1016.40;    4.6;   81.00;    5.7;    1.0;   -2.3;eor
       2932;20241130;    3;   7.2;   3.6;    3;   0.0;   0;    7.800;   0;   0.1;   5.5; 1015.60;    1.4;   82.00;    6.2;   -2.2;   -5.4;eor
       2932;20241201;    3;   9.3;   4.1;    3;   0.0;   0;    7.917;   0;   0.0;   5.4; 1008.15;    1.4;   80.21;    6.8;   -1.9;   -4.2;eor
       2932;20241202;    3;   8.7;   4.8;    3;   0.0;   6;    1.700;   0;   4.9;   6.4; 1000.33;    3.6;   80.46;    7.6;   -0.5;   -1.5;eor
       2932;20241203;    3;   8.9;   4.1;    3;   2.2;   6;    2.350;   0;   5.8;   7.8;  999.61;    4.9;   89.83;    7.2;    1.9;    0.3;eor
       2932;20241204;    3;   7.9;   3.8;    3;   1.2;   6;    0.000;   0;   7.1;   7.0; 1006.84;    3.4;   90.04;    4.5;    1.9;    0.2;eor
       2932;20241205;    3;  12.2;   5.4;    3;   4.8;   6;    6.300;   0;   3.8;   5.8; 1004.88;    2.6;   78.54;    5.3;   -1.2;   -2.6;eor
       2932;20241206;    3;  19.7;   6.9;    3;   4.4;   6;    0.000;   0;   6.7;   8.3;  988.21;    6.0;   89.13;    8.0;    3.8;    3.3;eor
       2932;20241207;    3;  11.8;   5.9;    3;   3.9;   6;    0.000;   0;   4.9;   7.5;  989.23;    4.7;   87.71;    6.4;    2.5;    1.1;eor
       2932;20241208;    3;  10.6;   3.8;    3;   0.2;   6;    0.667;   0;   7.0;   7.8;  993.57;    4.4;   93.58;    6.6;    2.7;    2.0;eor
       2932;20241209;    3;  11.0;   4.7;    3;   0.9;   6;    0.000;   0;   7.4;   7.1; 1006.11;    2.9;   94.38;    3.7;    2.0;    1.9;eor
       2932;20241210;    3;   9.8;   4.4;    3;   0.0;   6;    0.000;   0;   7.4;   6.6; 1012.45;    2.2;   91.96;    3.3;    1.1;    1.0;eor
       2932;20241211;    3;   5.1;   1.6;    3;   0.0;   6;    0.000;   0;   7.7;   6.2; 1013.87;    1.5;   91.13;    2.5;    0.7;    0.6;eor
       2932;20241212;    3;   5.7;   1.5;    3;   0.0;   0;    0.000;   0;   8.0;   5.5; 1015.23;    1.1;   83.67;    1.5;    0.5;    0.3;eor
       2932;20241213;    3;   7.7;   3.7;    3;   0.0;   0;    5.133;   0;   3.5;   4.9; 1013.22;   -0.4;   83.46;    2.2;   -3.5;   -5.5;eor
       2932;20241214;    3;  13.0;   6.3;    3;   0.3;   8;    0.000;   0;   7.4;   5.4; 1001.65;    0.7;   83.38;    2.3;   -1.8;   -2.2;eor
       2932;20241215;    3;  15.8;   8.8;    3;   0.3;   6;    2.117;   0;   6.3;   7.2; 1005.49;    4.1;   87.08;    7.4;    1.2;    0.2;eor
       2932;20241216;    3;  15.3;   8.9;    3;   0.1;   6;    0.000;   0;   7.5;   9.9; 1009.05;    8.9;   86.75;    9.7;    7.4;    7.0;eor
       2932;20241217;    3;  15.1;   6.6;    3;   0.0;   0;    3.633;   0;   6.6;   8.7; 1009.70;    8.4;   79.00;   10.3;    4.7;    2.1;eor
       2932;20241218;    3;  14.9;   6.8;    3;   0.2;   6;    0.367;   0;   6.9;   8.3;  999.47;    8.8;   73.71;   11.9;    4.9;    3.5;eor
       2932;20241219;    3;  17.3;   7.1;    3;   4.0;   6;    0.350;   0;   6.1;   9.8;  984.58;   10.2;   78.29;   13.5;    3.7;    2.7;eor
       2932;20241220;    3;  13.0;   7.3;    3;   0.0;   6;    4.317;   0;   3.3;   6.5;  998.31;    3.9;   80.38;    6.3;    0.5;   -1.1;eor
       2932;20241221;    3;  16.8;   7.6;    3;   1.2;   6;    0.117;   0;   6.3;   6.6;  997.46;    4.3;   79.17;    7.0;    0.5;   -0.7;eor
       2932;20241222;    3;  18.2;   7.2;    3;   4.7;   6;    0.150;   0;   5.5;   7.5;  982.36;    5.0;   86.04;    7.6;    1.8;    1.5;eor
       2932;20241223;    3;  13.4;   6.6;    3;   0.3;   6;    1.667;   0;   4.1;   6.3;  992.35;    2.7;   85.13;    4.8;    0.3;   -0.8;eor
       2932;20241224;    3;   7.9;   3.6;    3;   0.0;   0;    4.033;   0;   4.0;   6.3; 1009.05;    2.0;   88.54;    5.3;   -0.2;   -2.5;eor
       2932;20241225;    3;   6.7;   3.9;    3;   0.0;   0;    3.333;   0;   5.4;   7.1; 1018.27;    3.7;   88.50;    6.4;    0.0;   -1.3;eor
       2932;20241226;    3;   4.6;   2.1;    3;   0.0;   6;    0.000;   0;   8.0;   8.2; 1021.27;    4.1;   99.79;    5.0;    1.6;    1.9;eor
       2932;20241227;    3;   4.1;   1.5;    3;   0.0;   0;    0.000;   0;   8.0;   5.8; 1018.59;   -0.6;   99.54;    1.6;   -2.6;   -2.1;eor
       2932;20241228;    3;   5.7;   1.5;    3;   0.0;   0;    6.067;   0;   3.3;   5.1; 1013.47;   -1.8;   94.08;    3.4;   -4.0;   -5.8;eor
       2932;20241229;    3;   8.6;   4.4;    3;   0.0;   0;    6.933;   0;   2.5;   5.2; 1011.37;    0.1;   85.17;    3.6;   -1.9;   -4.5;eor
       2932;20241230;    1;  12.5;   6.9;    1;   0.0;   0;    0.050;   0;   5.3;   5.4; 1011.82;    0.0;   89.13;    1.2;   -1.3;   -2.3;eor
       2932;20241231;    1;  11.5;   6.0;    1;   0.0;   0;    7.433;   0;   0.5;   5.4; 1008.76;    0.4;   86.29;    4.3;   -1.7;   -3.7;eor
       2932;20250101;    1;  21.8;   9.8;    1;   0.1;   6;    0.000;   0;   6.2;   5.7;  997.60;    4.8;   66.83;    8.5;   -1.6;   -3.1;eor
       2932;20250102;    1;  16.1;   5.7;    1;   0.8;   6;    1.250;   0;   4.0;   6.6;  993.41;    3.4;   84.46;    8.5;   -1.3;   -3.6;eor
       2932;20250103;    1;  19.2;   8.4;    1;   0.3;   8;    2.033;   0;   5.3;   5.3;  997.37;    1.0;   81.67;    3.5;   -2.2;   -3.5;eor
       2932;20250104;    1;   7.2;   4.3;    1;   0.0;   0;    1.733;   0;   1.9;   4.7; 1002.20;   -1.6;   85.67;    0.9;   -4.4;   -7.2;eor
       2932;20250105;    1;   9.6;   4.7;    1;   5.4;   8;    0.000;   0;   6.4;   5.7;  987.55;    0.1;   90.17;    8.4;   -3.5;   -4.8;eor
       2932;20250106;    1;  22.8;   7.8;    1;   0.0;   0;    2.317;   0;   4.5;   8.6;  976.75;    9.6;   71.92;   13.3;    7.1;    5.6;eor
       2932;20250107;    1;  18.0;   8.2;    1;   0.9;   6;    4.067;   0;   3.8;   6.0;  983.90;    5.6;   65.54;    8.8;    1.6;    0.8;eor
       2932;20250108;    1;  15.6;   5.9;    1;   2.5;   8;    3.133;   0;   4.0;   5.9;  987.27;    2.2;   82.75;    3.7;    0.3;   -1.0;eor
       2932;20250109;    1;  14.6;   4.0;    1;   8.2;   8;    0.000;   0;   7.2;   6.7;  982.10;    1.6;   97.17;    3.8;   -0.1;   -0.1;eor
       2932;20250110;    1;  15.8;   8.9;    1;   0.1;   8;    1.767;   2;   5.9;   5.5;  996.75;    1.3;   81.83;    2.5;    0.4;   -0.6;eor
       2932;20250111;    1;  17.5;   7.2;    1;   0.0;   8;    4.367;   0;   6.3;   4.8; 1003.47;    0.6;   75.67;    1.9;   -0.9;   -1.5;eor
       2932;20250112;    1;  12.2;   4.8;    1;   0.0;   8;    0.000;   0;   7.7;   4.6; 1017.30;   -0.9;   80.67;   -0.2;   -2.0;   -3.6;eor
       2932;20250113;    1;   7.2;   2.3;    1;   0.0;   0;    3.383;   0;   7.0;   4.3; 1025.03;   -1.4;   78.54;    0.1;   -3.1;   -4.4;eor
       2932;20250114;    1;  10.6;   5.9;    1;   0.9;   6;    1.183;   0;   6.9;   4.4; 1016.26;    0.0;   72.92;    3.2;   -3.8;   -5.3;eor
       2932;20250115;    1;   7.2;   3.1;    1;   0.1;   6;    0.000;   0;   7.8;   7.5; 1014.40;    3.1;   97.71;    4.3;    1.6;    1.1;eor
       2932;20250116;    1;   6.7;   2.9;    1;   0.0;   0;    0.000;   0;  -999;   6.8; 1020.95;    2.4;   93.54;    3.3;    0.7;    0.8;eor
       2932;20250117;    1;   6.2;   2.5;    1;   0.0;   0;    0.000;   0;   8.0;   5.7; 1021.40;   -0.8;   99.38;    0.9;   -2.4;   -2.1;eor
       2932;20250118;    1;   6.2;   1.5;    1;   0.0;   0;    0.000;   0;   8.0;   5.4; 1016.58;   -1.6;   99.58;   -0.5;   -2.6;   -2.3;eor
       2932;20250119;    1;   4.5;   1.6;    1;   0.0;   0;    4.133;   0;   6.4;   5.5; 1007.94;   -1.2;   97.92;    5.1;   -3.3;   -4.3;eor
       2932;20250120;    1;   5.3;   2.3;    1;   0.0;   0;    7.033;   0;   1.5;   5.4; 1002.55;   -0.6;   91.21;    5.4;   -5.0;   -6.0;eor
       2932;20250121;    1;   3.1;   1.3;    1;   0.0;   0;    0.000;   0;   6.3;   5.0; 1001.63;   -2.7;   98.42;   -1.2;   -4.4;   -6.3;eor
       2932;20250122;    1;   9.3;   3.3;    1;   0.2;   6;    5.050;   0;   4.4;   5.3;  994.38;    1.0;   80.46;    5.9;   -3.5;   -5.8;eor
       2932;20250123;    1;  14.7;   6.7;    1;   1.4;   6;    1.233;   0;   7.8;   6.3;  989.06;    3.8;   77.92;    6.2;    2.2;    1.2;eor
       2932;20250124;    1;  14.2;   6.2;    1;   0.0;   6;    1.067;   0;   7.3;   7.0;  992.72;    6.1;   74.42;    9.2;    2.6;    1.0;eor
       2932;20250125;    1;  13.4;   5.3;    1;   0.6;   6;    1.133;   0;   7.9;   8.2;  990.83;   10.4;   66.21;   15.2;    6.5;    5.1;eor
       2932;20250126;    1;  15.8;   5.2;    1;   0.6;   6;    0.517;   0;   7.8;   7.6;  990.20;    6.7;   77.50;   10.3;    3.7;    2.1;eor
       2932;20250127;    1;  15.8;   7.1;    1;   0.3;   6;    0.317;   0;   8.0;   8.5;  982.72;    9.2;   71.67;   12.4;    5.1;    4.0;eor
       2932;20250128;    1;   8.9;   4.2;    1;   3.0;   6;    0.000;   0;   7.0;   8.4;  982.30;    6.3;   87.38;    8.4;    4.0;    2.6;eor
       2932;20250129;    1;  17.5;   6.4;    1;   0.0;   6;    2.400;   0;   6.7;   7.6;  988.25;    6.3;   80.08;   10.5;    2.6;    0.1;eor
       2932;20250130;    1;  11.7;   4.0;    1;   3.2;   6;    0.000;   0;   7.5;   7.4;  998.41;    5.9;   80.08;    9.0;    2.8;    1.2;eor
       2932;20250131;    1;  10.6;   4.8;    1;   0.0;   6;    4.067;   0;   6.7;   6.1; 1010.10;    3.0;   81.71;    6.1;    0.6;   -0.4;eor
       2932;20250201;    1;   3.6;   1.5;    1;   0.0;   0;    0.000;   0;   7.9;   5.9; 1015.65;    2.0;   83.33;    3.7;    0.9;   -3.0;eor
       2932;20250202;    1;   5.7;   1.6;    1;   0.0;   0;    5.917;   0;   6.7;   4.9; 1010.77;    1.3;   73.71;    4.8;   -2.9;   -6.8;eor
       2932;20250203;    1;   4.5;   2.0;    1;   0.0;   0;    8.583;   0;   0.5;   4.7; 1011.58;   -0.7;   80.71;    4.2;   -4.4;   -7.6;eor
       2932;20250204;    1;   7.7;   4.1;    1;   0.0;   0;    8.817;   0;   0.3;   4.6; 1012.49;   -0.8;   80.54;    3.6;   -3.3;   -5.2;eor
       2932;20250205;    1;   8.6;   4.1;    1;   0.0;   6;    0.150;   0;   5.4;   5.5; 1019.70;    0.0;   88.38;    2.7;   -4.5;   -5.7;eor
       2932;20250206;    1;   9.4;   2.5;    1;   0.0;   6;    0.000;   0;   8.0;   6.6; 1024.10;    1.9;   94.08;    2.6;    1.0;    0.5;eor
       2932;20250207;    1;  13.9;   6.4;    1;   0.0;   0;    1.317;   0;   7.8;   5.7; 1016.56;    2.2;   80.46;    5.0;    0.9;    0.3;eor
       2932;20250208;    1;   9.3;   4.2;    1;   0.0;   0;    8.183;   0;   2.7;   5.2; 1010.67;    1.4;   77.96;    6.1;   -2.5;   -5.5;eor
       2932;20250209;    1;   4.1;   2.1;    1;   0.0;   0;    6.517;   0;   4.0;   4.9; 1012.76;   -0.9;   85.42;    2.6;   -4.6;   -6.5;eor
       2932;20250210;    1;  12.2;   4.1;    1;   0.0;   0;    0.483;   0;   6.3;   5.2; 1012.32;    0.1;   84.88;    2.6;   -1.5;   -2.2;eor
       2932;20250211;    1;  12.3;   6.6;    1;   0.0;   0;    2.283;   0;   6.3;   4.5; 1008.55;    0.5;   72.54;    5.5;   -2.7;   -3.5;eor
       2932;20250212;    1;   9.1;   4.7;    1;   0.1;   8;    0.000;   0;   7.9;   4.6; 1003.12;   -0.7;   78.50;    0.6;   -2.3;   -2.1;eor
       2932;20250213;    1;   6.7;   2.9;    1;   2.4;   8;    0.000;   0;   7.7;   4.7; 1001.05;   -2.5;   92.88;   -2.0;   -3.3;   -3.8;eor
       2932;20250214;    1;   7.4;   3.0;    1;   0.1;   8;    0.100;   3;   7.8;   5.2; 1008.09;   -0.7;   90.25;    0.7;   -2.0;   -2.4;eor
       2932;20250215;    1;   6.7;   1.8;    1;   0.5;   7;    0.400;   1;   7.6;   4.8; 1008.57;   -1.5;   88.29;    0.6;   -6.0;  -10.5;eor
       2932;20250216;    1;   6.7;   2.1;    1;   0.0;   0;    5.533;   1;   5.2;   4.0; 1007.39;   -3.2;   82.88;    0.4;   -7.1;  -10.9;eor
       2932;20250217;    1;   5.0;   2.2;    1;   0.0;   0;    9.300;   1;   0.0;   3.3; 1009.92;   -4.9;   77.88;   -0.6;   -9.8;  -11.7;eor
       2932;20250218;    1;   5.5;   2.3;    1;   0.0;   0;    9.867;   0;   0.0;   3.0; 1013.31;   -5.2;   72.38;    0.1;  -10.3;  -12.8;eor
       2932;20250219;    1;  10.3;   4.7;    1;   0.0;   0;    9.900;   0;   0.0;   3.0; 1013.51;   -3.5;   64.58;    3.5;   -8.9;  -10.9;eor
       2932;20250220;    1;   8.6;   4.2;    1;   0.8;   6;    5.467;   0;   4.1;   4.3; 1010.06;    0.3;   66.42;    6.4;   -7.4;  -11.1;eor
       2932;20250221;    1;   7.9;   4.3;    1;   0.0;   0;    5.717;   0;   5.5;   8.3; 1007.75;    6.6;   84.29;   12.9;    3.0;   -0.2;eor
       2932;20250222;    1;   8.7;   4.3;    1;   0.0;   0;    3.800;   0;   6.2;   6.4; 1004.06;    5.5;   72.38;   11.6;   -0.8;   -2.8;eor
       2932;20250223;    1;   6.7;   3.0;    1;   0.0;   0;    3.550;   0;   5.1;   8.2; 1010.61;    8.1;   76.42;   13.7;    3.4;   -1.2;eor
       2932;20250224;    1;   9.9;   5.2;    1;   4.4;   6;    5.533;   0;   7.2;   8.1; 1006.31;    8.1;   75.71;   15.4;    1.9;   -1.3;eor
       2932;20250225;    1;   6.9;   2.9;    1;   3.0;   6;    1.750;   0;   7.6;  10.1;  998.64;    8.8;   89.21;   12.2;    6.5;    4.9;eor
       2932;20250226;    1;   8.4;   3.9;    1;   4.9;   6;    0.000;   0;   7.9;   9.6;  997.56;    7.2;   94.00;    8.5;    4.7;    3.5;eor
       2932;20250227;    1;  10.1;   4.0;    1;   1.3;   6;    0.700;   0;   5.6;   7.2; 1000.81;    3.6;   90.17;    5.9;    0.8;   -0.7;eor
       2932;20250228;    1;   8.2;   2.7;    1;   0.5;   6;    0.633;   0;   7.0;   6.9; 1005.54;    3.2;   88.92;    6.2;   -0.5;   -2.5;eor
       2932;20250301;    1;   8.1;   3.2;    1;   0.0;   6;    1.083;   0;   6.2;   6.7; 1014.08;    3.1;   87.38;    6.2;   -2.0;   -4.3;eor
       2932;20250302;    1;   7.0;   2.4;    1;   0.0;   0;    6.383;   0;   3.8;   6.0; 1017.02;    2.6;   82.08;    7.9;   -1.9;   -4.8;eor
       2932;20250303;    1;   6.2;   2.8;    1;   0.0;   0;   10.383;   0;   2.7;   5.1; 1012.98;    3.1;   68.58;   10.2;   -3.2;   -5.6;eor
       2932;20250304;    1;   6.2;   2.9;    1;   0.0;   0;    9.467;   0;   4.9;   5.0; 1009.95;    4.6;   61.33;   12.9;   -2.6;   -5.8;eor
       2932;20250305;    1;   8.7;   3.8;    1;   0.0;   0;   10.967;   0;   0.4;   4.8; 1008.14;    7.3;   51.54;   15.9;   -0.7;   -4.9;eor
       2932;20250306;    1;   8.2;   3.9;    1;   0.0;   0;   10.817;   0;   1.8;   5.9; 1004.83;    8.5;   55.33;   16.7;    1.3;   -3.3;eor
       2932;20250307;    1;   6.3;   2.7;    1;   0.0;   0;   10.700;   0;   2.3;   6.5; 1003.20;    9.3;   58.38;   18.0;    1.8;   -1.9;eor
       2932;20250308;    1;   6.2;   2.4;    1;   0.0;   0;    9.983;   0;   1.4;   6.9;  999.14;    8.0;   66.42;   16.3;   -0.2;   -4.2;eor
       2932;20250309;    1;   4.1;   1.5;    1;   0.0;   0;   10.483;   0;   1.2;   7.3;  990.80;    7.1;   73.54;   15.2;   -0.5;   -4.1;eor
       2932;20250310;    1;   5.1;   2.0;    1;   0.0;   0;    9.467;   0;   3.7;   7.1;  984.85;    8.1;   69.00;   15.9;    0.7;   -3.3;eor
       2932;20250311;    1;   9.3;   2.9;    1;   0.5;   6;    3.467;   0;   7.6;   7.4;  984.57;    7.2;   73.96;   13.0;    2.3;   -1.8;eor
       2932;20250312;    1;   4.3;   1.6;    1;   7.1;   6;    0.000;   0;   7.8;   7.3;  983.70;    4.1;   88.63;    5.5;    1.7;    1.3;eor
