STATIONS_ID;MESS_DATUM;QN_3;  FX;  FM;QN_4; RSK;RSKF; SDK;SHK_TAG;  NM; VPM;  PM; TMK; UPM; TXK; TNK; TGK;eor
        722;20230910;   10;   8.0;   3.6;    9;   0.0;   0;    9.200;   0;   2.1;  15.3;  890.90;   18.2;   73.00;   24.1;   15.6;    9.2;eor
        722;20230911;   10;  10.3;   5.2;    9;   0.0;   0;   11.900;   0;   2.2;  14.5;  887.90;   18.6;   68.00;   22.7;   16.1;   11.5;eor
        722;20230912;   10;  23.7;   4.4;    9;  17.0;   4;    6.600;   0;   6.3;  14.8;  886.10;   16.1;   81.00;   19.2;   10.3;    9.3;eor
        722;20230913;   10;  21.8;  10.0;    9;   2.5;   4;    0.300;   0;   7.8;  12.7;  885.70;   10.3;  100.00;   13.5;    3.8;    4.7;eor
        722;20230914;   10;  10.3;   4.4;    9;   0.0;   0;    5.300;   0;   4.3;   9.5;  891.30;    7.8;   89.00;   13.1;    3.6;    2.8;eor
        722;20230915;   10;  13.0;   7.9;    9;   0.0;   0;   11.200;   0;   1.7;  10.7;  890.10;   10.4;   85.00;   14.6;    6.8;    5.6;eor
        722;20230916;   10;   9.9;   4.9;    9;   0.0;   4;   11.500;   0;   2.8;  11.6;  887.90;   14.9;   69.00;   18.6;   11.4;    5.9;eor
        722;20230917;   10;  16.0;   7.4;    9;   0.0;   4;    6.300;   0;   6.3;  14.2;  887.30;   16.5;   76.00;   19.2;   14.5;    8.7;eor
        722;20230918;   10;  27.0;  14.9;    9;   0.7;   6;    2.100;   0;   7.3;  14.5;  880.10;   14.1;   90.00;   17.0;    9.0;    9.2;eor
        722;20230919;   10;  28.9;  19.1;    9;   0.0;   0;    6.400;   0;   6.4;   9.7;  879.80;    8.3;   89.00;   10.0;    5.9;    6.2;eor
        722;20230920;   10;  26.6;  16.9;    9;   0.0;   0;    6.500;   0;   7.6;  11.9;  880.50;   11.2;   90.00;   14.1;    8.1;    8.1;eor
        722;20230921;   10;  23.5;  13.2;    9;   3.1;   4;    5.800;   0;   4.9;  11.7;  874.90;   13.5;   75.00;   15.6;   10.0;    9.9;eor
        722;20230922;   10;  20.1;  11.7;    9;   0.5;   6;    0.100;   0;   7.6;  10.7;  874.20;    8.0;  100.00;   10.0;    5.9;    6.3;eor
        722;20230923;   10;  20.4;  12.2;    9;   0.0;   4;    1.300;   0;   7.5;   9.0;  883.00;    5.8;   98.00;    7.9;    4.3;    4.6;eor
        722;20230924;   10;  16.8;   6.4;    9;   0.0;   0;    4.100;   0;   5.0;   9.4;  894.10;    7.9;   89.00;   12.8;    5.7;    5.1;eor
        722;20230925;   10;  17.5;   9.3;    9;   0.0;   0;   11.000;   0;   4.5;   8.6;  893.90;    9.4;   73.00;   12.1;    6.4;    4.7;eor
        722;20230926;   10;  10.1;   5.1;    9;   0.0;   0;   11.000;   0;   3.4;  10.9;  892.70;   12.9;   73.00;   18.9;    9.7;   -0.4;eor
        722;20230927;   10;  14.5;   5.8;    9;   0.0;   0;    9.900;   0;   5.8;  12.9;  891.50;   15.0;   77.00;   19.7;   11.8;    6.6;eor
        722;20230928;   10;  16.7;   8.1;    9;   0.0;   0;    8.200;   0;   6.0;  13.4;  889.30;   15.8;   76.00;   21.8;   12.6;    9.1;eor
        722;20230929;   10;  20.5;  13.7;    9;   7.7;   6;    2.100;   0;   7.9;  13.7;  888.60;   13.1;   90.00;   16.8;    6.1;    6.5;eor
        722;20230930;   10;  15.1;   7.7;    9;   0.0;   0;    7.400;   0;   6.2;   9.2;  893.70;    7.6;   89.00;   11.9;    5.0;    4.7;eor
        722;20231001;   10;  13.8;   9.3;    9;   0.0;   0;    3.000;   0;   7.9;  10.8;  893.20;   10.0;   86.00;   14.0;    6.8;    5.7;eor
        722;20231002;   10;  19.2;  10.0;    9;   0.0;   0;    8.000;   0;   6.2;  13.0;  891.60;   14.5;   79.00;   17.4;   11.7;    9.8;eor
        722;20231003;   10;  29.2;  18.0;    9;  20.9;   4;    1.500;   0;   7.8;  11.4;  884.30;   10.8;   88.00;   15.3;    5.0;    5.4;eor
        722;20231004;   10;  24.4;  14.5;    9;   0.1;   4;    0.500;   0;   7.9;   9.2;  891.70;    5.8;   99.00;    6.8;    5.2;    5.2;eor
        722;20231005;   10;  23.3;  14.2;    9;   0.8;   4;    0.200;   0;   8.0;   9.6;  890.80;    6.3;  100.00;    7.3;    5.3;    5.5;eor
        722;20231006;   10;  27.3;  14.4;    9;   0.4;   4;    2.900;   0;   7.7;   9.8;  891.00;    7.5;   94.00;    9.9;    5.5;    5.1;eor
        722;20231007;   10;  31.2;  19.1;    9;   6.1;   6;    0.100;   0;   8.0;  12.1;  887.10;    9.7;  100.00;   11.7;    7.5;    7.6;eor
        722;20231008;   10;  22.1;   7.3;    9;   1.9;   6;    5.200;   0;   7.3;   8.0;  891.50;    5.7;   86.00;   10.5;   -0.5;    1.0;eor
        722;20231009;   10;  24.8;  13.6;    9;  27.1;   4;    0.000;   0;   8.0;  11.8;  887.20;    9.4;  100.00;   10.4;    7.3;    7.5;eor
        722;20231010;   10;  20.9;  11.1;    9;   0.0;   0;    6.300;   0;   7.8;  11.4;  888.60;   11.3;   86.00;   15.1;    7.8;    7.9;eor
        722;20231011;   10;  30.6;  19.7;    9;   4.8;   6;    7.500;   0;   6.9;  10.2;  883.50;   12.6;   70.00;   14.9;   10.8;    9.6;eor
        722;20231012;   10;  25.4;  13.6;    9;  12.9;   8;    0.000;   0;   7.9;  11.6;  883.10;    9.7;   96.00;   11.5;    9.1;    9.2;eor
        722;20231013;   10;  34.8;  18.8;    9;  20.7;   4;    2.000;   0;   6.6;  12.6;  879.10;   11.9;   91.00;   13.9;    9.9;   10.0;eor
        722;20231014;   10;  39.7;  16.5;    9;   2.6;   8;    3.500;   0;   7.2;   8.3;  876.90;    4.7;   94.00;   10.7;    0.0;    0.4;eor
        722;20231015;   10;  21.2;  13.3;    9;   0.5;   8;    0.600;   0;   7.8;   5.7;  883.20;   -0.5;   97.00;    0.2;   -1.1;   -0.7;eor
        722;20231016;   10;  18.6;   8.0;    9;   0.9;   8;    0.000;   0;   7.9;   6.0;  887.00;    0.1;   97.00;    1.3;   -1.2;   -1.1;eor
        722;20231017;   10;   9.6;   3.7;    9;   0.0;   0;    3.600;   0;   6.3;   6.1;  886.60;    1.1;   92.00;    4.1;   -0.1;   -5.4;eor
        722;20231018;   10;  18.0;  11.0;    9;  12.1;   4;    7.300;   0;   7.5;   4.6;  878.90;    2.7;   65.00;    7.9;   -0.2;   -2.0;eor
        722;20231019;   10;  16.9;   8.9;    9;   6.1;   4;    0.100;   0;   8.0;   9.8;  866.90;    6.8;   98.00;    8.8;    1.7;    1.5;eor
        722;20231020;   10;  21.3;  11.6;    9;   8.3;   4;    0.000;   0;   8.0;   8.8;  858.80;    5.1;   99.00;    8.9;    1.5;    2.4;eor
        722;20231021;   10;  28.9;  15.2;    9;   4.3;   4;    1.000;   0;   7.0;   9.3;  867.30;    6.7;   95.00;    7.5;    5.1;    4.2;eor
        722;20231022;   10;  25.3;  14.2;    9;   2.4;   4;    0.000;   0;   6.5;   8.5;  876.90;    5.0;   97.00;    5.8;    3.9;    3.4;eor
        722;20231023;   10;  15.9;   7.1;    9;   0.3;   6;    2.400;   0;   7.1;   8.7;  881.90;    5.4;   96.00;    7.2;    4.4;    3.6;eor
        722;20231024;   10;  20.1;  11.1;    9;   3.8;   4;    0.000;   0;   7.7;   8.9;  874.40;    5.6;   97.00;    7.5;    2.8;    1.9;eor
        722;20231025;   10;  16.0;   9.0;    9;  10.6;   4;    3.700;   0;  -999;   7.8;  869.30;    4.2;   95.00;    6.5;    3.0;    1.4;eor
        722;20231026;   10;  15.3;   8.2;    9;   1.2;   6;    0.100;   0;   8.0;   8.0;  864.80;    4.0;   98.00;    6.0;    1.6;   -2.1;eor
        722;20231027;   10;  22.3;   7.6;    9;   9.8;   4;    0.000;   0;   7.9;   7.5;  864.00;    3.2;   97.00;    4.3;    1.7;   -2.3;eor
        722;20231028;   10;  20.8;  12.7;    9;  25.2;   4;    0.000;   0;   7.9;   8.1;  868.80;    4.1;   99.00;    5.0;    3.4;    3.4;eor
        722;20231029;   10;  37.5;  22.0;    9;   1.6;   4;    0.000;   0;   7.8;   9.1;  867.50;    5.8;   98.00;    6.8;    4.6;    4.8;eor
        722;20231030;   10;  26.0;  15.8;    9;   7.2;   4;    2.100;   0;   7.6;   8.9;  870.90;    5.7;   97.00;    7.3;    4.5;    4.6;eor
        722;20231031;   10;  30.4;  15.9;    9;   6.7;   4;    0.000;   0;   8.0;   8.0;  869.30;    4.0;   99.00;    6.8;    2.3;    2.3;eor
        722;20231101;   10;  24.2;  14.6;    9;   1.7;   4;    0.000;   0;   8.0;   8.5;  872.50;    4.8;   99.00;    5.9;    3.5;    3.6;eor
        722;20231102;   10;  39.5;  21.6;    9;   0.0;   6;    0.000;   0;   7.7;   7.6;  857.90;    3.5;   96.00;    4.8;    2.0;    2.2;eor
        722;20231103;   10;  28.2;  17.0;    9;   0.0;   0;    0.100;   0;   7.8;   6.4;  856.40;    1.0;   98.00;    2.0;   -0.4;   -0.2;eor
        722;20231104;   10;  29.8;  19.1;    9;   3.9;   8;    0.000;   0;   7.9;   6.2;  854.20;    0.4;   98.00;    2.8;   -0.6;   -0.4;eor
        722;20231105;   10;  35.8;  19.4;    9;  16.9;   4;    0.000;   0;   7.9;   7.5;  850.90;    3.0;   99.00;    3.9;    1.8;    1.9;eor
        722;20231106;   10;  30.8;  19.3;    9;   3.4;   4;    0.000;   0;   7.7;   7.1;  868.70;    2.3;   98.00;    2.9;    1.8;    1.7;eor
        722;20231107;   10;  25.4;  15.9;    9;   3.9;   8;    0.000;   0;   8.0;   6.8;  876.70;    1.7;   99.00;    2.2;    0.8;    1.0;eor
        722;20231108;   10;  25.7;  17.4;    9;   2.1;   8;    0.000;   0;   7.8;   6.5;  878.10;    1.1;   99.00;    1.7;    0.4;    0.6;eor
        722;20231109;   10;  28.5;  17.7;    9;   3.3;   8;    0.000;   0;   8.0;   6.8;  870.90;    1.7;   99.00;    2.7;    1.2;    1.4;eor
        722;20231110;   10;  25.7;  16.0;    9;   0.9;   8;    0.000;   0;   7.8;   6.1;  866.80;    0.1;   99.00;    1.6;   -0.4;   -0.3;eor
        722;20231111;   10;  20.9;  12.8;    9;   8.6;   8;    0.000;   0;   8.0;   5.8;  868.90;   -0.6;   99.00;    0.3;   -1.5;   -1.1;eor
        722;20231112;   10;  16.6;   9.1;    9;   0.0;   8;    1.900;   0;   7.6;   5.4;  874.00;   -1.3;   97.00;   -0.5;   -2.7;   -3.0;eor
        722;20231113;   10;  36.0;  13.7;    9;  14.6;   8;    0.000;   0;   7.0;   6.4;  872.00;    0.8;   97.00;    6.4;   -2.8;   -3.5;eor
        722;20231114;   10;  32.9;  19.5;    9;  12.9;   4;    0.000;   0;   7.8;   7.6;  869.20;    3.1;   99.00;    3.7;    1.5;    1.6;eor
        722;20231115;   10;  25.0;  14.5;    9;   6.3;   8;    0.000;   0;   8.0;   6.9;  877.50;    1.8;   99.00;    2.7;    0.7;    0.5;eor
        722;20231116;   10;  27.0;  11.5;    9;   0.5;   8;    0.100;   0;   7.9;   5.7;  878.10;   -0.7;   97.00;    0.8;   -3.6;   -4.4;eor
        722;20231117;   10;  18.9;  10.3;    9;   0.5;   8;    0.000;   0;   8.0;   4.8;  882.40;   -2.6;   94.00;   -1.3;   -4.7;   -4.9;eor
        722;20231118;   10;  24.4;  11.6;    9;   6.0;   8;    2.900;   0;   7.7;   5.1;  886.00;   -1.9;   96.00;   -1.0;   -2.5;   -3.6;eor
        722;20231119;   10;  32.5;  19.0;    9;  18.0;   4;    0.000;   0;   7.8;   7.4;  875.10;    2.7;   99.00;    4.0;   -1.0;   -0.1;eor
        722;20231120;   10;  26.0;  15.6;    9;   9.0;   6;    0.000;   0;   7.9;   7.4;  875.00;    2.8;   99.00;    4.1;    1.2;    1.3;eor
        722;20231121;   10;  20.0;  10.1;    9;   1.4;   8;    0.000;   0;   8.0;   5.5;  881.40;   -1.3;   96.00;    1.7;   -6.4;   -6.1;eor
        722;20231122;   10;  27.5;  10.8;    9;   0.2;   8;    4.700;   0;   7.3;   3.2;  889.10;   -6.2;   84.00;   -1.7;   -8.0;   -7.8;eor
        722;20231123;   10;  35.6;  20.7;    9;  20.1;   8;    0.000;   0;   8.0;   6.8;  879.60;    1.5;   99.00;    4.2;   -2.2;   -2.0;eor
        722;20231124;   10;  28.0;  15.2;    9;   7.6;   8;    0.000;   0;   7.8;   4.6;  868.60;   -3.3;   96.00;   -0.3;   -5.4;   -3.2;eor
        722;20231125;   10;  21.3;  12.4;    9;   4.3;   8;    0.000;   0;   7.7;   4.1;  871.60;   -4.8;   95.00;   -3.4;   -6.4;   -4.0;eor
        722;20231126;   10;  18.1;   9.5;    9;   3.6;   8;    0.700;   2;   7.8;   4.3;  876.80;   -4.2;   95.00;   -2.3;   -6.9;   -4.4;eor
        722;20231127;   10;  18.3;   9.3;    9;   7.8;   8;    0.000;   2;   8.0;   4.4;  868.20;   -3.8;   95.00;   -2.4;   -5.8;   -1.5;eor
        722;20231128;   10;  16.9;  10.3;    9;   3.2;   8;    0.000;  37;   7.9;   3.1;  865.60;   -8.0;   92.00;   -5.8;   -9.5;   -1.0;eor
        722;20231129;   10;  27.3;  16.4;    9;   1.3;   8;    0.000;   1;   7.9;   3.2;  865.40;   -7.5;   92.00;   -5.5;   -9.4;   -1.7;eor
        722;20231130;   10;  14.6;   5.0;    9;   0.0;   7;    0.600;  13;   7.7;   3.4;  867.40;   -6.9;   92.00;   -6.2;   -7.7;   -2.1;eor
        722;20231201;   10;  16.5;   4.4;    9;   0.0;   0;    6.600;  13;   5.3;   2.8;  869.70;   -8.8;   88.00;   -6.6;  -10.7;  -10.9;eor
        722;20231202;   10;  12.9;   6.8;    9;   2.7;   7;    4.400;  13;   5.6;   2.8;  874.10;   -9.2;   91.00;   -6.1;  -11.1;  -12.1;eor
        722;20231203;   10;  21.4;   9.0;    9;   1.3;   7;    0.000;  16;   6.1;   3.2;  882.60;   -7.4;   91.00;   -6.5;   -8.8;   -3.2;eor
        722;20231204;   10;  21.4;  15.1;    9;   1.0;   8;    0.000;  14;   7.2;   3.1;  876.80;   -5.5;   77.00;   -3.1;   -8.1;   -3.5;eor
        722;20231205;   10;  22.7;  13.5;    9;   2.2;   8;    0.000;  33;   8.0;   4.8;  870.90;   -2.8;   96.00;   -1.3;   -4.4;   -1.2;eor
        722;20231206;   10;  22.8;  10.2;    9;   0.2;   8;    0.000;  34;   8.0;   4.1;  875.80;   -4.6;   94.00;   -2.8;   -5.9;   -0.9;eor
        722;20231207;   10;  16.2;   9.0;    9;   0.0;   7;    0.000;  34;   7.6;   3.9;  882.40;   -5.3;   94.00;   -4.3;   -6.7;   -1.2;eor
        722;20231208;   10;  20.8;  13.4;    9;   0.8;   8;    0.000;  34;   7.9;   4.4;  875.80;   -3.5;   91.00;   -0.1;   -6.8;   -1.4;eor
        722;20231209;   10;  29.1;  15.4;    9;   4.2;   8;    0.000;  34;   8.0;   5.5;  872.70;   -1.0;   97.00;   -0.3;   -2.3;   -0.5;eor
        722;20231210;   10;  33.7;  21.6;    9;   7.8;   8;    0.000;  39;   8.0;   6.1;  868.20;    0.1;   98.00;    1.6;   -0.6;   -0.2;eor
        722;20231211;   10;  34.7;  21.0;    9;   9.2;   8;    0.000;  34;   7.9;   6.4;  867.00;    0.8;   99.00;    1.7;   -0.8;    0.0;eor
        722;20231212;   10;  20.5;  10.9;    9;   7.4;   8;    1.000;  29;   8.0;   6.0;  872.50;    0.0;   99.00;    2.1;   -1.0;    0.0;eor
        722;20231213;   10;  17.6;   7.9;    9;   2.2;   8;    0.000;  26;   7.9;   6.7;  868.10;    1.2;  100.00;    2.1;    0.2;    0.0;eor
        722;20231214;   10;  14.5;   7.6;    9;   1.9;   8;    0.000;  25;   8.0;   4.9;  880.50;   -2.6;   97.00;    0.5;   -4.0;    0.0;eor
        722;20231215;   10;  19.8;  11.7;    9;   1.4;   8;    0.000;  28;   7.9;   5.3;  895.00;   -1.6;   96.00;   -0.3;   -3.9;    0.0;eor
        722;20231216;   10;  23.5;  15.3;    9;   1.8;   8;    0.000;  28;   7.8;   6.0;  900.00;    0.1;   97.00;    3.0;   -1.8;    0.0;eor
        722;20231217;   10;  27.8;  15.5;    9;   0.0;   0;    7.300;  24;   5.8;   6.2;  898.80;    3.8;   79.00;    8.5;    0.3;    0.0;eor
        722;20231218;   10;  28.0;  17.9;    9;   1.0;   6;    5.700;  20;   5.2;   4.1;  893.50;    3.7;   51.00;    6.4;    1.5;    0.0;eor
        722;20231219;   10;  25.8;  16.5;    9;   6.9;   8;    0.000;  17;   8.0;   6.6;  883.20;    1.4;   97.00;    5.1;   -0.9;    0.0;eor
        722;20231220;   10;  29.8;  17.7;    9;  21.0;   8;    0.000;  14;   8.0;   5.3;  874.80;   -1.4;   97.00;   -0.2;   -2.5;    0.0;eor
        722;20231221;   10;  38.0;  21.3;    9;  32.9;   8;    0.000;  14;   7.9;   6.1;  860.90;    0.0;   98.00;    2.8;   -3.4;    0.0;eor
        722;20231222;   10;  37.6;  19.3;    9;  19.8;   8;    0.000;  11;   7.6;   4.7;  861.70;   -2.9;   95.00;   -1.2;   -4.0;   -1.2;eor
        722;20231223;   10;  31.3;  15.4;    9;  49.4;   8;    0.000;  11;   7.8;   5.2;  868.80;   -1.9;   96.00;    1.6;   -4.4;   -1.6;eor
        722;20231224;   10;  40.8;  23.7;    9;  11.4;   4;    0.000;  13;   8.0;   7.5;  868.70;    3.0;   99.00;    5.0;    1.2;    0.0;eor
        722;20231225;   10;  40.5;  20.4;    9;  20.5;   4;    0.000;   0;   8.0;   7.7;  871.60;    3.4;   99.00;    4.5;    2.5;    2.6;eor
        722;20231226;   10;  35.7;  20.6;    9;   4.2;   8;    0.000;   0;   7.7;   6.5;  876.10;    1.0;   98.00;    4.3;   -3.0;   -3.3;eor
        722;20231227;   10;  32.5;  13.7;    9;   1.4;   8;    0.000;   0;   8.0;   5.3;  883.10;   -1.2;   95.00;    1.4;   -3.2;   -3.2;eor
        722;20231228;   10;  33.0;  22.6;    9;   1.3;   8;    0.000;   0;   8.0;   6.2;  877.30;    0.8;   96.00;    1.6;    0.1;   -0.5;eor
        722;20231229;   10;  36.9;  22.9;    9;  21.7;   8;    0.000;   0;   7.8;   6.6;  873.80;    1.2;   98.00;    2.2;   -0.3;   -0.1;eor
        722;20231230;   10;  34.5;  17.8;    9;   0.8;   8;    0.000;   0;   7.5;   5.8;  877.00;   -0.5;   98.00;    0.7;   -1.6;   -0.9;eor
        722;20231231;   10;  30.4;  18.0;    9;   0.1;   8;    0.000;   0;   7.8;   6.2;  871.20;    0.3;   98.00;    1.2;   -0.7;   -0.5;eor
        722;20240101;   10;  28.7;  17.3;    9;   5.4;   8;    0.000;   0;   7.9;   5.5;  871.00;   -1.0;   97.00;   -0.5;   -1.7;   -1.5;eor
        722;20240102;   10;  33.7;  17.6;    9;  22.3;   8;    0.000;   0;   7.9;   6.3;  863.80;    0.6;   98.00;    3.3;   -2.3;   -1.1;eor
        722;20240103;   10;  39.0;  23.6;    9;  14.2;   8;    0.000;   0;   7.7;   6.7;  858.10;    1.5;   99.00;    3.0;    0.0;    0.0;eor
        722;20240104;   10;  31.0;  15.8;    9;   6.3;   8;    0.000;   0;   8.0;   5.5;  866.20;   -1.1;   98.00;    0.9;   -2.5;   -1.9;eor
        722;20240105;   10;  22.2;  12.3;    9;   1.4;   8;    0.000;   0;   8.0;   5.8;  869.30;   -0.5;   97.00;    0.0;   -1.6;   -0.7;eor
        722;20240106;   10;  15.7;   4.9;    9;   1.0;   8;    0.000;   0;   8.0;   5.3;  874.70;   -1.6;   97.00;   -0.7;   -5.0;   -0.5;eor
        722;20240107;   10;  23.0;  12.3;    9;   1.7;   7;    0.000;   2;   8.0;   2.7;  883.00;   -9.5;   91.00;   -4.7;  -11.6;   -3.1;eor
        722;20240108;   10;  23.5;  17.1;    9;   0.5;   7;    7.200;   0;   4.2;   2.0;  889.50;  -12.7;   85.00;   -9.7;  -15.9;   -5.4;eor
        722;20240109;   10;  19.0;  14.4;    9;   0.0;   0;    8.100;   0;   0.0;   1.1;  894.40;   -8.6;   36.00;   -5.1;  -13.1;   -4.8;eor
        722;20240110;   10;  15.9;  11.4;    9;   0.0;   0;    8.100;   0;   0.0;   1.9;  892.80;   -4.4;   42.00;   -2.1;   -6.5;   -4.3;eor
        722;20240111;   10;  18.5;   9.9;    9;   0.0;   0;    6.300;-999;   2.5;   2.8;  893.20;   -2.0;   54.00;    1.3;   -6.2;   -4.1;eor
        722;20240112;   10;  18.5;  10.1;    9;   0.8;   7;    5.600;   1;   5.3;   4.3;  891.20;   -3.9;   94.00;   -1.8;   -5.7;   -3.0;eor
        722;20240113;   10;  26.8;  16.2;    9;   3.2;   8;    0.100;   2;   7.9;   4.0;  881.00;   -4.9;   94.00;   -4.2;   -5.9;   -2.4;eor
        722;20240114;   10;  28.0;  16.3;    9;   4.0;   8;    0.000;   2;   8.0;   4.1;  869.50;   -4.6;   94.00;   -4.1;   -5.9;   -2.1;eor
        722;20240115;   10;  27.3;  16.9;    9;   6.3;   7;    0.000;-999;   8.0;   3.6;  862.60;   -6.2;   93.00;   -5.7;   -6.8;   -2.3;eor
        722;20240116;   10;  24.9;  14.7;    9;   0.8;   7;    0.000;   6;   7.7;   3.1;  869.60;   -7.7;   92.00;   -6.6;   -9.6;   -3.7;eor
        722;20240117;   10;  20.2;  10.0;    9;   4.6;   8;    0.000;   6;   7.7;   3.2;  859.70;   -7.0;   86.00;   -3.2;   -9.8;   -4.3;eor
        722;20240118;   10;  14.5;   8.3;    9;   0.6;   7;    0.600;   8;   6.8;   3.2;  863.70;   -7.2;   90.00;   -6.2;   -9.6;   -2.5;eor
        722;20240119;   10;  27.5;  14.7;    9;   0.2;   7;    0.000;   5;   6.3;   3.1;  879.40;   -7.8;   91.00;   -6.7;   -8.9;   -3.1;eor
        722;20240120;   10;  29.4;  16.6;    9;   0.0;   7;    1.100;   5;   7.5;   3.2;  888.70;   -6.5;   85.00;   -3.1;   -8.0;   -3.1;eor
        722;20240121;   10;  39.4;  21.4;    9;   1.7;   8;    2.100;   3;   7.7;   2.8;  886.10;   -4.4;   62.00;   -0.9;   -6.7;   -6.3;eor
        722;20240122;   10;  46.6;  27.4;    9;  16.7;   8;    0.000;   3;   8.0;   6.1;  874.40;    0.3;   98.00;    2.1;   -1.5;   -1.2;eor
        722;20240123;   10;  32.9;  19.9;    9;  13.5;   8;    0.000;   0;   7.9;   5.3;  883.40;   -1.6;   97.00;    0.8;   -2.5;   -1.5;eor
        722;20240124;   10;  39.8;  23.7;    9;  15.8;   8;    0.000;   0;   7.8;   6.7;  880.40;    1.3;   98.00;    4.4;   -0.6;   -0.3;eor
        722;20240125;   10;  30.4;  15.7;    9;   1.4;   4;    0.100;   0;   7.8;   5.3;  889.00;   -1.4;   97.00;   -0.3;   -2.4;   -2.8;eor
        722;20240126;   10;  33.0;  16.8;    9;  11.2;   8;    0.000;   0;   7.8;   6.2;  887.10;    0.4;   98.00;    3.8;   -3.6;   -3.4;eor
        722;20240127;   10;  24.4;  12.7;    9;   0.1;   4;    6.700;   0;   5.0;   4.5;  896.50;   -3.0;   92.00;   -1.7;   -3.8;   -5.7;eor
        722;20240128;   10;  20.0;  10.5;    9;   0.0;   0;    8.800;   0;   3.5;   2.2;  897.50;    3.4;   30.00;    6.5;   -2.2;   -6.1;eor
        722;20240129;   10;  20.8;  13.2;    9;   0.0;   0;    7.100;   0;   7.3;   4.1;  894.80;    7.2;   40.00;   10.9;    3.9;    1.3;eor
        722;20240130;   10;  26.4;  13.6;    9;   0.9;   4;    1.200;-999;   7.9;   7.1;  893.90;    4.2;   86.00;    8.1;    0.0;    0.0;eor
        722;20240131;   10;  30.2;  13.8;    9;   3.1;   8;    1.500;   0;   7.9;   5.1;  893.00;   -2.0;   96.00;    0.0;   -3.0;   -2.7;eor
        722;20240201;   10;  25.5;  14.7;    9;   1.0;   8;    1.800;   0;   7.8;   5.2;  889.60;   -1.6;   96.00;    0.0;   -2.8;   -2.6;eor
        722;20240202;   10;  31.6;  17.4;    9;   5.0;   8;    0.000;   0;   7.9;   5.6;  888.70;   -0.9;   96.00;    1.8;   -2.9;   -2.7;eor
        722;20240203;   10;  33.1;  20.2;    9;  12.9;   6;    0.000;   0;   7.9;   7.3;  886.10;    2.6;   99.00;    3.3;    1.7;    1.7;eor
        722;20240204;   10;  36.0;  20.1;    9;  26.1;   8;    0.000;   0;   8.0;   6.9;  882.20;    1.9;   99.00;    3.8;    0.6;    0.6;eor
        722;20240205;   10;  37.8;  24.2;    9;   0.8;   8;    0.300;   0;   7.8;   7.1;  878.90;    2.2;   98.00;    3.9;    0.1;    0.2;eor
        722;20240206;   10;  38.2;  25.6;    9;  17.3;   8;    0.000;   0;   8.0;   6.8;  872.80;    1.6;   99.00;    2.5;    0.3;    0.3;eor
        722;20240207;   10;  40.4;  12.0;    9;   4.3;   8;    0.000;   0;   7.8;   4.9;  869.30;   -2.8;   96.00;    2.6;   -5.9;   -7.7;eor
        722;20240208;   10;  19.2;   5.7;    9;  17.0;   8;    0.300;   0;   7.8;   3.6;  866.60;   -4.0;   77.00;    1.7;   -6.1;   -6.9;eor
        722;20240209;   10;  25.9;  15.4;    9;  12.3;   4;    0.000;   0;   8.0;   7.8;  859.30;    3.5;   99.00;    4.6;    1.1;    0.0;eor
        722;20240210;   10;  14.3;   7.2;    9;   0.0;   6;    3.300;   0;   7.6;   8.0;  860.70;    4.3;   96.00;    7.2;    3.1;    3.0;eor
        722;20240211;   10;  20.7;   9.9;    9;   4.3;   8;    0.000;   0;   8.0;   6.7;  861.20;    3.8;   84.00;    7.9;    0.6;    0.7;eor
        722;20240212;   10;  18.5;  10.9;    9;   5.4;   8;    0.000;   0;   7.9;   5.9;  870.10;   -0.2;   97.00;    0.9;   -1.8;   -2.2;eor
        722;20240213;   10;  20.2;  12.1;    9;   0.2;   8;    1.600;   0;   7.7;   4.9;  881.80;   -2.4;   96.00;   -1.6;   -3.3;   -3.1;eor
        722;20240214;   10;  24.6;  15.7;    9;   7.4;   8;    0.000;   0;   8.0;   6.8;  883.10;    1.5;   98.00;    4.7;   -1.8;   -2.0;eor
        722;20240215;   10;  21.1;  12.8;    9;   2.2;   4;    0.000;   0;   8.0;   8.8;  884.80;    5.4;   98.00;    7.1;    4.7;    4.6;eor
        722;20240216;   10;  26.8;  16.6;    9;   6.5;   6;    1.500;   0;   8.0;   8.4;  882.90;    6.9;   84.00;    9.5;    3.9;    4.0;eor
        722;20240217;   10;  22.5;  11.9;    9;   1.1;   6;    0.000;   0;   7.4;   7.0;  893.60;    2.1;   98.00;    3.9;    0.6;   -0.6;eor
        722;20240218;   10;  27.5;  13.9;    9;  16.9;   8;    0.200;   0;   7.8;   6.8;  891.20;    1.7;   98.00;    2.6;    1.0;    0.0;eor
        722;20240219;   10;  23.7;  14.1;    9;  10.5;   8;    0.000;   0;   8.0;   6.5;  886.70;    0.9;   99.00;    1.9;   -0.6;    0.0;eor
        722;20240220;   10;  20.8;  13.1;    9;   3.2;   8;    0.000;   0;   7.9;   6.0;  888.90;    0.0;   98.00;    1.0;   -1.3;   -0.9;eor
        722;20240221;   10;  32.2;  15.7;    9;   4.7;   8;    0.600;   0;   7.7;   6.0;  880.90;    0.3;   96.00;    1.1;   -0.4;   -0.6;eor
        722;20240222;   10;  39.1;  20.2;    9;   8.5;   8;    0.000;   0;   8.0;   7.3;  860.90;    2.7;   99.00;    4.2;    0.5;    0.1;eor
        722;20240223;   10;  36.3;  17.3;    9;   0.1;   8;    3.300;   0;   7.3;   4.8;  861.80;   -1.9;   90.00;    0.6;   -3.4;   -3.1;eor
        722;20240224;   10;  24.2;  14.9;    9;   0.9;   8;    0.000;   0;   6.1;   4.9;  867.80;   -2.4;   96.00;   -1.5;   -3.0;   -3.9;eor
        722;20240225;   10;  23.7;  13.9;    9;   0.1;   8;    1.100;   0;   7.5;   4.8;  870.40;   -2.4;   95.00;   -1.6;   -3.3;   -4.2;eor
        722;20240226;   10;  17.3;   9.7;    9;   0.0;   6;    0.100;   0;   7.9;   5.3;  873.20;   -0.9;   93.00;    0.1;   -1.9;   -3.9;eor
        722;20240227;   10;  15.3;   7.5;    9;   0.0;   0;    8.800;   0;   6.2;   4.6;  881.70;   -1.0;   82.00;    0.4;   -2.6;   -6.3;eor
        722;20240228;   10;  14.6;   6.7;    9;   0.0;   0;    8.600;   0;   4.8;   3.2;  885.60;   -0.1;   52.00;    4.8;   -2.8;   -4.7;eor
        722;20240229;   10;  18.1;  10.8;    9;   0.0;   0;    9.400;   0;   5.2;   4.5;  880.30;    0.3;   72.00;    3.8;   -1.9;   -3.2;eor
        722;20240301;   10;  20.0;  10.9;    9;   0.0;   0;    3.400;   0;   5.8;   6.4;  873.70;    1.5;   93.00;    4.5;   -0.2;   -1.3;eor
        722;20240302;   10;  17.1;  10.2;    9;   0.0;   0;    4.500;   0;   7.5;   6.4;  873.60;    2.3;   89.00;    5.3;    0.5;    0.3;eor
        722;20240303;   10;   9.3;   5.4;    9;   0.0;   0;    8.200;   0;   4.7;   6.8;  872.70;    4.5;   81.00;    8.3;    2.4;   -3.3;eor
        722;20240304;   10;   7.6;   3.1;    9;   0.0;   0;    7.500;   0;   4.2;   7.0;  877.60;    4.3;   85.00;    6.9;    2.0;   -5.0;eor
        722;20240305;   10;   8.1;   3.5;    9;   1.7;   8;    0.000;   0;   7.8;   6.0;  881.10;    0.1;   98.00;    2.7;   -2.7;   -2.3;eor
        722;20240306;   10;  12.4;   4.7;    9;   0.4;   8;    0.600;   0;   7.9;   5.4;  887.60;   -1.3;   97.00;    0.5;   -3.7;   -3.5;eor
        722;20240307;   10;  16.4;  10.2;    9;   0.4;   8;    2.800;   0;   6.7;   4.5;  888.10;   -3.4;   94.00;   -1.8;   -5.2;   -5.7;eor
        722;20240308;   10;  21.3;  11.8;    9;   0.0;   8;    7.800;   0;   4.6;   4.3;  881.30;   -3.7;   93.00;   -1.1;   -6.6;   -7.4;eor
        722;20240309;   10;  17.9;   9.0;    9;   0.0;   8;    7.100;   0;   4.7;   4.9;  873.20;   -1.3;   89.00;    4.0;   -4.0;   -3.7;eor
        722;20240310;   10;  19.1;  11.1;    9;   0.2;   6;    3.500;   0;   7.4;   6.0;  869.30;    2.5;   82.00;    5.0;    1.4;    0.2;eor
        722;20240311;   10;  22.7;  11.7;    9;   0.0;   0;    0.000;   0;   7.6;   6.6;  871.50;    1.4;   97.00;    3.0;    0.4;   -0.3;eor
        722;20240312;   10;  19.1;  10.4;    9;   0.3;   6;    0.100;   0;   6.6;   6.2;  880.30;    0.6;   97.00;    1.6;   -0.6;   -1.3;eor
        722;20240313;   10;  14.4;   8.1;    9;   2.0;   6;    0.200;   0;   7.8;   6.8;  882.70;    1.6;   99.00;    4.3;   -1.1;   -1.6;eor
        722;20240314;   10;  19.0;  10.1;    9;   0.0;   4;    4.300;   0;   7.8;   8.0;  882.00;    4.6;   94.00;    7.1;    2.7;    2.5;eor
        722;20240315;   10;  21.1;  13.9;    9;   5.3;   6;    0.500;   0;   7.6;   8.7;  878.30;    5.2;   98.00;    6.1;    3.7;    2.6;eor
        722;20240316;   10;  22.5;  12.7;    9;   2.7;   8;    0.000;   0;   7.9;   6.6;  882.20;    1.0;   99.00;    3.8;   -1.6;   -1.3;eor
        722;20240317;   10;  13.8;   5.6;    9;   0.0;   0;    6.400;   0;   7.5;   5.3;  888.00;   -0.2;   89.00;    5.3;   -2.9;   -3.7;eor
        722;20240318;   10;   7.9;   4.4;    9;   0.0;   8;    4.400;   0;   7.7;   5.3;  884.60;    0.9;   81.00;    3.8;   -1.9;   -3.2;eor
        722;20240319;   10;   7.2;   3.4;    9;   0.0;   0;    6.000;   0;   7.0;   7.1;  886.90;    4.6;   85.00;    8.6;    1.3;   -1.9;eor
        722;20240320;   10;   9.9;   4.8;    9;   0.0;   0;    4.800;   0;   7.8;   6.9;  888.00;    6.6;   72.00;    9.8;    3.7;    0.4;eor
        722;20240321;   10;  17.2;  10.6;    9;   0.6;   6;    0.000;   0;   7.9;   7.1;  887.50;    3.3;   92.00;    6.6;    0.3;   -0.1;eor
        722;20240322;   10;  23.1;  12.9;    9;   7.2;   8;    0.100;   0;   7.8;   7.3;  882.60;    3.6;   92.00;    6.6;    0.2;    0.5;eor
        722;20240323;   10;  22.1;  10.1;    9;   8.4;   8;    0.600;   4;   7.8;   5.2;  873.00;   -1.8;   96.00;    0.8;   -3.7;   -3.2;eor
        722;20240324;   10;  28.1;  17.2;    9;  15.2;   8;    0.000;   1;   8.0;   4.9;  867.10;   -2.6;   96.00;   -1.4;   -3.9;   -3.3;eor
        722;20240325;   10;  22.8;   9.9;    9;   1.0;   8;    2.000;-999;   7.1;   5.0;  871.50;   -1.9;   94.00;   -0.2;   -3.6;   -1.7;eor
        722;20240326;   10;  17.8;  11.7;    9;   0.0;   0;    5.400;   9;   7.1;   4.7;  865.50;    0.5;   74.00;    5.4;   -3.5;   -1.8;eor
        722;20240327;   10;  11.5;   5.1;    9;   5.9;   8;    8.400;   7;   7.7;   6.0;  859.40;    7.3;   59.00;   12.3;    3.0;   -1.0;eor
        722;20240328;   10;  29.8;  16.8;    9;   3.3;   8;    2.000;-999;   7.4;   5.9;  858.40;   -0.1;   97.00;    3.0;   -1.5;   -0.8;eor
        722;20240329;   10;  29.5;  18.3;    9;   4.4;   8;    0.100;   0;   7.3;   6.9;  866.60;    1.9;   97.00;    5.2;   -0.6;   -1.8;eor
        722;20240330;   10;  18.2;   8.7;    9;   0.0;   0;    4.000;   0;   6.4;   6.8;  870.70;    9.5;   58.00;   14.1;    5.2;    3.0;eor
        722;20240331;   10;  12.4;   4.0;    9;   0.0;   6;    7.000;   0;   7.1;   7.9;  870.10;    8.0;   74.00;   11.1;    5.6;    2.3;eor
        722;20240401;   10;  25.4;  10.6;    9;  12.8;   8;    0.000;   0;   7.5;   7.5;  866.30;    5.5;   84.00;    9.7;    0.8;    0.8;eor
        722;20240402;   10;  27.6;  16.5;    9;   5.5;   6;    0.900;   0;   7.9;   6.9;  872.80;    2.1;   97.00;    3.6;    1.4;    0.5;eor
        722;20240403;   10;  24.1;  14.6;    9;   7.0;   4;    0.000;   0;   7.8;   7.4;  874.80;    2.9;   99.00;    4.4;    1.6;    1.8;eor
        722;20240404;   10;  29.9;  17.9;    9;  10.0;   4;    0.000;   0;   7.5;   7.9;  875.40;    3.7;   99.00;    5.6;    1.1;    1.0;eor
        722;20240405;   10;  30.8;  16.8;    9;   0.9;   6;    1.100;   0;   7.8;   9.5;  880.30;    6.7;   97.00;    9.5;    3.5;    3.5;eor
        722;20240406;   10;  22.0;  13.0;    9;   0.0;   0;    6.900;   0;   7.8;   9.3;  884.70;   11.8;   71.00;   16.5;    7.0;    6.8;eor
        722;20240407;   10;  24.7;  13.7;    9;   0.4;   6;    6.400;   0;   6.9;   8.8;  885.40;   13.4;   58.00;   16.2;   10.6;   10.1;eor
        722;20240408;   10;  18.5;  10.5;    9;   0.1;   6;   10.600;   0;   4.1;   9.1;  881.70;   14.4;   55.00;   17.0;   10.7;    8.5;eor
        722;20240409;   10;  22.5;  13.1;    9;   0.3;   6;    0.900;   0;   7.5;   7.9;  880.40;    9.4;   71.00;   16.9;    1.5;    1.3;eor
        722;20240410;   10;  22.2;  11.1;    9;   0.0;   0;    3.900;   0;   5.3;   6.4;  892.20;    2.6;   87.00;    5.7;    0.6;    0.1;eor
        722;20240411;   10;  20.9;  12.0;    9;   0.1;   4;    6.100;   0;   5.7;   6.9;  897.80;    5.0;   78.00;    7.9;    1.9;    0.0;eor
        722;20240412;   10;  19.6;  11.6;    9;   0.1;   4;    5.100;   0;   7.6;  10.0;  897.30;    8.0;   93.00;   11.5;    5.9;    6.1;eor
        722;20240413;   10;  25.5;  15.0;    9;   0.0;   0;    6.100;   0;   7.8;  10.7;  892.40;   10.1;   87.00;   12.8;    7.9;    7.8;eor
        722;20240414;   10;  25.8;  11.8;    9;   6.0;   8;    3.800;   0;   7.7;   7.6;  886.30;    6.4;   78.00;   10.7;    1.0;    0.0;eor
        722;20240415;   10;  30.6;  13.2;    9;   3.6;   8;    3.900;   0;   7.3;   5.8;  873.90;    1.1;   87.00;    5.0;   -2.9;   -2.1;eor
        722;20240416;   10;  29.6;  14.1;    9;   5.3;   8;    0.500;   0;   7.6;   5.3;  868.10;   -1.4;   96.00;    0.0;   -2.9;   -2.4;eor
        722;20240417;   10;  11.0;   5.5;    9;   2.8;   8;    0.700;   1;   7.7;   5.3;  875.30;   -1.3;   96.00;   -0.1;   -2.5;   -3.3;eor
        722;20240418;   10;  16.8;   6.7;    9;   2.0;   8;    3.100;   0;   7.1;   5.2;  881.20;   -1.0;   91.00;    1.1;   -2.4;   -3.5;eor
        722;20240419;   10;  29.1;  14.6;    9;  33.8;   8;    0.000;   0;   7.9;   5.4;  872.10;   -1.4;   97.00;    0.0;   -3.0;   -2.6;eor
        722;20240420;   10;  24.4;   9.5;    9;   1.4;   8;    1.100;   6;   7.2;   4.9;  880.50;   -2.2;   95.00;   -0.9;   -4.3;   -0.6;eor
        722;20240421;   10;  17.9;   8.7;    9;   0.5;   8;    3.200;   6;   7.1;   4.2;  885.70;   -4.0;   92.00;   -3.4;   -4.7;   -0.8;eor
        722;20240422;   10;  10.8;   4.7;    9;   0.0;   8;    9.400;   7;   5.4;   3.7;  887.00;   -4.7;   87.00;   -2.1;   -6.8;   -1.2;eor
        722;20240423;   10;  17.3;   3.4;    9;   0.2;   8;    3.500;   6;   5.3;   4.0;  882.80;   -2.8;   80.00;   -0.2;   -5.8;   -2.9;eor
        722;20240424;   10;  17.8;  10.2;    9;   8.8;   8;    2.600;   6;   7.5;   4.6;  872.20;   -2.8;   93.00;   -0.8;   -4.4;   -1.0;eor
        722;20240425;   10;  16.0;   9.5;    9;   1.4;   8;    2.200;  11;   7.8;   4.9;  871.20;   -2.2;   94.00;   -0.7;   -3.3;   -0.2;eor
        722;20240426;   10;  21.9;  12.7;    9;   0.0;   0;    7.100;  10;   7.5;   5.4;  873.30;    1.0;   82.00;    4.3;   -2.7;   -0.8;eor
        722;20240427;   10;  15.8;   9.2;    9;   0.0;   0;   11.300;   4;   3.7;   6.5;  878.80;    6.8;   66.00;   10.0;    3.0;    0.0;eor
        722;20240428;   10;  21.8;  11.4;    9;   0.0;   6;    7.700;   0;   7.6;   6.6;  881.90;    9.8;   55.00;   14.0;    4.4;    3.1;eor
        722;20240429;   10;  13.2;   5.9;    9;   0.0;   0;   10.000;   0;   6.3;   7.5;  890.20;    8.3;   70.00;   13.1;    3.7;    0.8;eor
        722;20240430;   10;  12.7;   7.5;    9;   0.0;   0;   12.200;   0;   5.0;  10.1;  887.80;   14.7;   61.00;   18.0;    9.5;    7.8;eor
        722;20240501;   10;  18.2;   8.2;    9;   0.0;   0;   13.700;   0;   3.7;   9.7;  880.60;   14.9;   58.00;   17.7;    9.6;    8.1;eor
        722;20240502;   10;  17.1;  10.2;    9;   0.4;   6;   13.000;   0;   4.1;  10.2;  874.40;   11.8;   74.00;   15.1;    9.2;    7.5;eor
        722;20240503;   10;  15.6;   9.2;    9;   0.3;   4;    0.300;   0;   7.3;   9.7;  879.40;    6.9;   97.00;   11.1;    3.2;    3.4;eor
        722;20240504;   10;  16.5;   5.5;    9;   5.0;   4;    0.300;   0;   7.9;   8.0;  883.90;    6.1;   85.00;    9.1;    3.4;    2.8;eor
        722;20240505;   10;  24.9;  13.2;    9;   0.2;   6;    4.900;   0;   7.0;   8.2;  877.80;    5.9;   88.00;    7.9;    3.9;    2.0;eor
        722;20240506;   10;  11.9;   4.7;    9;   0.0;   6;    0.600;   0;   7.9;   8.2;  879.00;    6.9;   82.00;   10.0;    4.2;    2.6;eor
        722;20240507;   10;  13.4;   7.4;    9;   0.0;   0;    0.200;   0;   7.7;   7.9;  885.70;    4.0;   96.00;    5.3;    2.7;    2.5;eor
        722;20240508;   10;   9.5;   4.6;    9;   0.0;   0;   10.300;   0;   4.4;   7.2;  892.60;    6.1;   78.00;   10.6;    3.0;   -1.2;eor
        722;20240509;   10;   8.5;   5.1;    9;   0.0;   0;   13.900;   0;   3.8;   7.2;  894.00;    8.3;   65.00;   12.5;    5.2;   -2.1;eor
        722;20240510;   10;   7.7;   3.4;    9;   0.0;   0;    8.900;   0;   5.0;   8.4;  892.60;   10.1;   68.00;   13.4;    6.8;   -0.5;eor
        722;20240511;   10;  10.2;   4.4;    9;   0.0;   0;    8.500;   0;   5.3;   9.4;  891.90;    9.7;   78.00;   12.7;    6.5;   -0.6;eor
        722;20240512;   10;  13.5;   7.4;    9;   0.0;   0;   12.200;   0;   1.9;   8.8;  889.20;    8.9;   78.00;   11.9;    5.6;    4.3;eor
        722;20240513;   10;  14.5;   7.7;    9;   0.0;   0;   14.200;   0;   1.5;   8.8;  885.60;   12.7;   60.00;   16.6;    9.8;    7.3;eor
        722;20240514;   10;  19.3;  11.3;    9;   0.0;   0;   15.200;   0;   0.1;   8.1;  882.20;   12.3;   57.00;   15.6;    9.9;    7.4;eor
        722;20240515;   10;  22.1;  14.0;    9;   0.0;   0;   13.700;   0;   1.3;   7.2;  880.10;   12.2;   51.00;   16.0;    8.8;    7.0;eor
        722;20240516;   10;  18.9;  12.2;    9;   1.8;   6;    7.700;   0;   5.3;   9.6;  878.50;    9.4;   82.00;   14.4;    7.8;    6.7;eor
        722;20240517;   10;  21.4;  12.4;    9;   0.2;   4;    4.700;   0;   6.9;   9.1;  878.30;    8.8;   81.00;   12.4;    6.5;    6.0;eor
        722;20240518;   10;  11.1;   4.1;    9;   0.5;   6;    0.400;   0;   7.8;   9.7;  880.00;    7.6;   93.00;    9.6;    6.2;    2.8;eor
        722;20240519;   10;   7.9;   2.8;    9;  21.4;   6;    1.800;   0;   7.2;   9.7;  879.90;    8.5;   88.00;   13.6;    7.1;    3.3;eor
        722;20240520;   10;   9.5;   2.8;    9;   3.9;   6;    3.200;   0;   6.0;  10.6;  881.90;    9.5;   89.00;   12.0;    7.5;    5.3;eor
        722;20240521;   10;  22.4;  11.4;    9;  14.1;   4;    7.200;   0;   5.7;  11.6;  880.10;   12.0;   83.00;   14.9;    9.6;    7.4;eor
        722;20240522;   10;  18.2;  10.5;    9;   8.7;   6;    0.000;   0;   7.8;  11.3;  879.00;    8.8;   99.00;   11.4;    7.4;    7.1;eor
        722;20240523;   10;  15.2;   7.0;    9;   0.2;   6;    5.600;   0;   5.9;  10.0;  885.10;   10.1;   82.00;   14.7;    6.8;    3.2;eor
        722;20240524;   10;  14.2;   6.4;    9;   0.6;   6;    7.000;   0;   6.0;  10.5;  887.80;   10.6;   82.00;   14.2;    8.6;    3.0;eor
        722;20240525;   10;   8.0;   3.1;    9;  21.2;   6;    4.300;   0;   7.3;  10.8;  887.40;   10.6;   84.00;   14.4;    7.8;    6.0;eor
        722;20240526;   10;  16.8;   5.5;    9;   5.1;   6;   10.600;   0;   5.1;  10.6;  888.10;   12.4;   74.00;   15.3;    9.0;    2.0;eor
        722;20240527;   10;  15.7;   6.5;    9;   4.5;   6;    5.000;   0;   7.3;  10.3;  886.90;   10.9;   80.00;   14.7;    7.7;    7.9;eor
        722;20240528;   10;  17.3;   9.2;    9;   0.9;   6;    6.000;   0;   5.8;   8.5;  885.90;    7.1;   84.00;   10.0;    5.2;    5.2;eor
        722;20240529;   10;  23.2;  13.4;    9;  22.7;   6;    0.100;   0;   7.7;  10.0;  881.00;    7.5;   96.00;    9.1;    5.6;    5.5;eor
        722;20240530;   10;  12.8;   4.2;    9;  17.4;   6;    0.100;   0;   7.9;  10.4;  876.40;    7.9;   97.00;    9.5;    6.5;    5.3;eor
        722;20240531;   10;  14.5;   8.0;    9;   1.4;   6;    0.900;   0;   7.7;  10.5;  879.00;    8.1;   97.00;    9.7;    6.3;    7.3;eor
        722;20240601;   10;  16.4;   9.4;    9;   7.1;   6;    1.300;   0;   7.5;  13.3;  883.60;   11.5;   97.00;   13.4;    9.2;    9.4;eor
        722;20240602;   10;  15.0;   9.5;    9;   1.1;   6;    2.900;   0;   7.9;  11.6;  887.40;    9.3;   99.00;   11.2;    4.9;    6.0;eor
        722;20240603;   10;  11.9;   6.7;    9;   0.0;   6;    9.500;   0;   4.4;   8.0;  886.30;    7.0;   81.00;   13.1;    2.9;    3.2;eor
        722;20240604;   10;  19.9;   5.0;    9;   0.5;   6;    4.700;   0;   5.8;   9.1;  883.50;    8.5;   83.00;   12.6;    5.5;    5.4;eor
        722;20240605;   10;  20.4;  11.3;    9;   7.5;   6;    0.600;   0;   7.3;  10.0;  881.30;    7.5;   96.00;    9.9;    3.3;    1.9;eor
        722;20240606;   10;  15.4;   7.3;    9;   0.0;   0;    9.200;   0;   5.4;   7.6;  885.70;    7.4;   74.00;   12.5;    2.5;    0.9;eor
        722;20240607;   10;  12.9;   5.2;    9;   0.0;   0;    4.700;   0;   6.4;   7.3;  887.00;    8.8;   65.00;   12.3;    6.2;    3.5;eor
        722;20240608;   10;  17.7;   8.5;    9;   0.0;   6;   11.500;   0;   3.3;   8.4;  882.10;   10.4;   67.00;   14.8;    5.5;    4.5;eor
        722;20240609;   10;  13.8;   7.0;    9;   0.0;   0;   13.700;   0;   2.8;   7.0;  878.80;    7.8;   68.00;   11.6;    3.8;    2.3;eor
        722;20240610;   10;  28.5;   9.5;    9;   7.5;   4;    3.400;   0;   5.6;   7.6;  875.60;    5.4;   85.00;   10.0;    2.1;    1.2;eor
        722;20240611;   10;  27.0;  13.8;    9;   2.5;   6;    3.700;   0;   6.5;   7.1;  879.90;    3.5;   91.00;    7.3;    1.6;    1.5;eor
        722;20240612;   10;  15.4;   9.0;    9;   1.1;   6;    3.100;   0;   7.4;   7.4;  885.00;    4.0;   91.00;    7.1;    2.3;    1.5;eor
        722;20240613;   10;  13.1;   6.8;    9;   0.0;   0;    7.800;   0;   6.5;   6.8;  885.50;    5.8;   75.00;   10.0;    1.8;    1.7;eor
        722;20240614;   10;  18.8;  10.3;    9;   5.4;   6;    1.700;   0;   7.6;   8.7;  880.70;    7.9;   82.00;    9.9;    6.5;    5.1;eor
        722;20240615;   10;  28.6;  15.0;    9;   3.3;   6;    5.000;   0;   7.2;   9.1;  876.40;    8.8;   81.00;   10.1;    6.9;    5.9;eor
        722;20240616;   10;  23.2;  13.6;    9;   0.1;   6;    5.900;   0;   6.1;   8.6;  879.60;    9.2;   74.00;   12.7;    6.6;    5.4;eor
        722;20240617;   10;  18.1;  10.7;    9;   1.4;   6;    5.200;   0;   7.6;  11.2;  883.10;   10.0;   91.00;   13.3;    7.7;    7.0;eor
        722;20240618;   10;  21.8;   7.4;    9;   7.7;   6;    6.500;   0;   7.1;  12.7;  885.00;   12.7;   87.00;   17.9;    9.9;    7.9;eor
        722;20240619;   10;  10.1;   6.5;    9;   6.0;   6;    2.200;   0;   6.8;  10.8;  886.70;    8.5;   97.00;   10.0;    6.3;    2.0;eor
        722;20240620;   10;  12.7;   5.5;    9;   0.5;   6;    7.200;   0;   7.4;  11.0;  890.40;   10.2;   87.00;   14.3;    6.3;   -0.6;eor
        722;20240621;   10;  18.0;   9.5;    9;  10.8;   6;    1.400;   0;   7.6;  15.5;  884.70;   14.7;   92.00;   17.9;   11.6;   11.4;eor
        722;20240622;   10;  18.9;  10.6;    9;   0.0;   0;    5.900;   0;   5.5;  11.0;  882.80;   10.5;   87.00;   14.4;    5.7;    6.9;eor
        722;20240623;   10;  11.8;   6.6;    9;   0.0;   0;    4.700;   0;   5.7;  11.5;  889.10;   11.3;   86.00;   14.6;    8.8;    4.8;eor
        722;20240624;   10;   7.9;   3.8;    9;   0.0;   0;   11.000;   0;   3.5;  11.5;  891.20;   13.4;   75.00;   17.0;    9.4;    4.2;eor
        722;20240625;   10;  13.1;   8.1;    9;   0.0;   0;   15.800;   0;   0.0;  11.6;  888.70;   14.6;   70.00;   17.4;   11.9;    8.9;eor
        722;20240626;   10;  14.6;   6.9;    9;   1.5;   6;   14.400;   0;   2.1;  14.7;  885.40;   17.7;   72.00;   21.2;   12.6;   10.4;eor
        722;20240627;   10;  16.7;   6.4;    9;  52.9;   6;    5.800;   0;   5.2;  15.5;  883.30;   17.8;   76.00;   21.8;   13.6;    7.5;eor
        722;20240628;   10;  21.2;  10.4;    9;   0.0;   0;   12.300;   0;   2.5;  12.1;  886.10;   14.7;   72.00;   17.6;   10.5;    4.6;eor
        722;20240629;   10;  12.4;   5.7;    9;   6.4;   6;   11.400;   0;   5.2;  13.1;  886.60;   16.0;   70.00;   20.4;   10.5;    3.1;eor
        722;20240630;   10;  27.3;   9.9;    9;  11.0;   6;    0.400;   0;   7.9;  14.0;  879.10;   12.9;   94.00;   20.4;    8.5;    9.2;eor
        722;20240701;   10;  17.6;   9.2;    9;  13.1;   6;    0.900;   0;   7.5;  10.6;  882.60;    8.1;   98.00;    9.9;    6.0;    7.8;eor
        722;20240702;   10;  20.9;  11.5;    9;   7.2;   6;    0.000;   0;   8.0;   9.8;  881.60;    6.8;   99.00;    8.7;    4.5;    6.3;eor
        722;20240703;   10;  16.7;   8.3;    9;   0.5;   6;    0.200;   0;   7.9;   8.5;  879.00;    5.5;   95.00;    8.1;    4.4;    5.7;eor
        722;20240704;   10;  24.5;  13.5;    9;   8.9;   6;    4.300;   0;   6.0;   9.3;  877.10;    7.0;   92.00;    9.4;    4.8;    4.3;eor
        722;20240705;   10;  20.7;  12.4;    9;   0.4;   6;    1.500;   0;   7.9;   9.1;  880.40;    7.6;   86.00;   10.3;    5.1;    4.4;eor
        722;20240706;   10;  25.8;  16.2;    9;   0.0;   6;    6.800;   0;   7.6;  11.8;  876.70;   12.3;   82.00;   18.0;    6.5;    5.8;eor
        722;20240707;   10;  19.3;  10.2;    9;   0.0;   0;   13.500;   0;   5.6;   7.5;  883.50;    8.5;   69.00;   12.9;    4.4;    4.0;eor
        722;20240708;   10;  15.1;   7.1;    9;   0.0;   6;    7.800;   0;   6.0;   9.3;  888.70;   12.2;   65.00;   15.6;    9.4;    6.1;eor
        722;20240709;   10;  14.8;   8.4;    9;   6.3;   6;   14.600;   0;   4.0;  12.6;  889.40;   17.9;   61.00;   21.7;   12.5;    9.3;eor
        722;20240710;   10;  22.0;   8.6;    9;   6.0;   6;    3.800;   0;   7.4;  15.1;  887.90;   16.0;   84.00;   20.1;   13.6;   12.4;eor
        722;20240711;   10;  10.6;   5.0;    9;  11.9;   6;    6.800;   0;   6.5;  13.4;  888.40;   14.3;   83.00;   17.5;   11.7;    8.7;eor
        722;20240712;   10;  19.3;   8.8;    9;  10.1;   6;    0.200;   0;   7.6;  14.2;  882.90;   12.5;   97.00;   15.8;    7.4;    9.0;eor
        722;20240713;   10;  21.8;  12.2;    9;   0.0;   0;    8.600;   0;   4.7;   9.4;  882.00;    8.7;   85.00;   12.1;    5.8;    6.6;eor
        722;20240714;   10;  15.8;   9.4;    9;   2.2;   6;    7.100;   0;   4.7;   9.6;  884.60;   11.1;   73.00;   14.0;    8.3;    6.4;eor
        722;20240715;   10;  12.0;   5.5;    9;   4.7;   6;   14.400;   0;   3.9;  10.3;  885.10;   15.7;   58.00;   19.8;   11.8;    4.9;eor
        722;20240716;   10;  22.6;  14.1;    9;   2.5;   6;    5.100;   0;   5.6;  12.8;  883.30;   12.6;   88.00;   16.4;    8.4;    8.3;eor
        722;20240717;   10;  21.7;  11.1;    9;   0.9;   6;    1.100;   0;   6.6;  11.9;  889.60;   10.1;   96.00;   12.5;    8.9;    7.5;eor
        722;20240718;   10;   6.8;   2.8;    9;   0.0;   6;    9.000;   0;   5.9;  11.9;  894.20;   14.5;   72.00;   18.4;    9.7;    4.3;eor
        722;20240719;   10;   7.8;   4.3;    9;   0.0;   0;   10.900;   0;   5.3;  11.8;  892.30;   16.8;   62.00;   21.3;   13.3;    7.8;eor
        722;20240720;   10;   9.5;   5.3;    9;   0.0;   0;   11.900;   0;   4.3;  12.7;  885.60;   18.3;   61.00;   21.8;   15.2;   11.2;eor
        722;20240721;   10;  21.0;   6.0;    9;   2.5;   6;    8.200;   0;   5.2;  14.7;  882.50;   18.3;   71.00;   24.9;   14.2;   10.9;eor
        722;20240722;   10;  19.5;  10.7;    9;   0.0;   0;   10.700;   0;   4.5;  12.3;  886.30;   13.0;   82.00;   15.2;   10.5;    8.7;eor
        722;20240723;   10;  20.0;   8.4;    9;  12.9;   6;    6.900;   0;   5.9;  12.3;  887.90;   12.9;   83.00;   16.7;   10.7;    9.9;eor
        722;20240724;   10;  14.6;   6.9;    9;   0.9;   6;    2.700;   0;   7.7;  11.7;  888.30;   10.4;   93.00;   12.6;    8.5;    7.3;eor
        722;20240725;   10;   9.1;   5.0;    9;   0.1;   6;   10.800;   0;   6.0;  10.4;  886.30;   12.1;   75.00;   17.5;    7.7;    6.1;eor
        722;20240726;   10;  19.8;   9.4;    9;  11.3;   6;    1.400;   0;   7.8;  13.1;  883.80;   12.8;   89.00;   14.8;   11.0;   10.8;eor
        722;20240727;   10;  16.7;   4.7;    9;  14.4;   6;    0.700;   0;   7.8;  14.9;  885.70;   13.8;   95.00;   17.8;   12.3;   12.9;eor
        722;20240728;   10;  15.4;   7.1;    9;   0.0;   0;    4.400;   0;   6.4;  12.0;  892.10;   11.5;   88.00;   15.1;    8.4;    7.0;eor
        722;20240729;   10;   8.8;   4.1;    9;   0.0;   0;   14.400;   0;   0.9;  10.0;  894.60;   12.9;   68.00;   16.6;    8.1;    5.9;eor
        722;20240730;   10;  10.0;   5.0;    9;   0.0;   0;   14.900;   0;   1.0;  10.9;  890.60;   16.8;   57.00;   22.5;   12.0;    7.6;eor
        722;20240731;   10;   8.2;   3.3;    9;   0.5;   6;    7.500;   0;   5.9;  13.7;  887.90;   18.5;   65.00;   23.4;   14.9;    8.8;eor
        722;20240801;   10;  12.1;   3.6;    9;  29.7;   4;    4.600;-999;   6.5;  15.2;  884.90;   16.4;   82.00;   19.7;   12.7;    7.5;eor
        722;20240802;   10;  12.8;   6.3;    9;   0.2;   6;    5.300;-999;   6.2;  13.8;  883.40;   13.0;   92.00;   16.5;   10.9;    7.9;eor
        722;20240803;   10;  13.2;   3.6;    9;  26.7;   6;    8.300;-999;   4.5;  13.4;  884.00;   15.2;   79.00;   20.2;   11.0;    7.4;eor
        722;20240804;   10;  19.0;  10.1;    9;   0.9;   6;    1.100;-999;   7.5;  12.6;  884.00;   11.1;   94.00;   13.6;    7.9;    6.7;eor
        722;20240805;   10;   9.2;   3.2;    9;   0.0;   0;    1.200;-999;   6.7;  11.3;  886.60;   11.2;   85.00;   15.7;    7.7;    6.5;eor
        722;20240806;   10;   8.9;   3.8;    9;   0.0;   0;   10.500;-999;   5.3;  12.4;  885.80;   16.3;   67.00;   22.0;   10.8;    8.4;eor
        722;20240807;   10;  12.7;   6.2;    9;   0.3;   6;    7.200;-999;   6.7;  14.3;  884.70;   16.6;   76.00;   21.1;   11.2;    8.0;eor
        722;20240808;   10;  11.7;   5.0;    9;   0.0;   6;    3.800;-999;   7.0;  11.2;  887.30;   12.0;   80.00;   15.6;   10.2;    7.1;eor
        722;20240809;   10;  22.6;  14.0;    9;   4.1;   6;    0.400;-999;   7.8;  13.4;  886.50;   12.5;   92.00;   15.0;   11.0;    8.6;eor
        722;20240810;   10;  16.8;   9.2;    9;   0.0;   0;    9.500;-999;   5.5;  12.5;  890.70;   13.5;   82.00;   16.8;   10.8;    9.8;eor
        722;20240811;   10;  10.9;   5.1;    9;   0.0;   0;    9.800;-999;   4.3;  12.7;  892.70;   14.9;   75.00;   20.0;   12.2;    6.0;eor
        722;20240812;   10;   9.3;   4.9;    9;   0.0;   0;   14.300;-999;   4.3;  13.4;  888.40;   16.9;   70.00;   22.1;   12.3;    8.2;eor
        722;20240813;   10;  12.5;   5.8;    9;   0.0;   0;   10.800;-999;   3.5;  15.8;  886.30;   21.1;   63.00;   25.4;   17.6;   10.6;eor
        722;20240814;   10;  10.3;   5.0;    9;   0.0;   6;    9.400;-999;   7.2;  16.9;  885.70;   20.0;   72.00;   23.4;   16.2;   11.2;eor
        722;20240815;   10;  13.9;   8.1;    9;   0.0;   0;    6.300;-999;   5.6;  15.2;  888.40;   15.7;   85.00;   18.7;   13.9;   11.0;eor
        722;20240816;   10;  18.8;   9.3;    9;   0.2;   6;    7.900;-999;   6.0;  14.3;  887.90;   15.9;   79.00;   19.6;   13.6;   11.9;eor
        722;20240817;   10;  13.7;   5.9;    9;   3.8;   6;    1.700;-999;   7.7;  15.2;  885.30;   14.7;   90.00;   17.4;   12.5;    9.5;eor
        722;20240818;   10;  14.1;   6.5;    9;   4.3;   6;    0.100;-999;   8.0;  14.4;  882.80;   12.6;   98.00;   15.9;    8.5;    8.4;eor
        722;20240819;   10;  14.4;   5.9;    9;   0.0;   0;    3.300;-999;   5.2;  10.8;  888.20;   10.6;   84.00;   13.6;    7.8;    5.2;eor
        722;20240820;   10;  19.4;   8.1;    9;   6.7;   6;   11.600;-999;   3.6;  13.0;  885.40;   13.6;   83.00;   17.5;    9.9;    7.1;eor
        722;20240821;   10;  22.1;  12.6;    9;   0.0;   0;    5.700;-999;   6.8;  10.5;  884.40;    9.6;   87.00;   13.1;    7.1;    5.4;eor
        722;20240822;   10;  21.2;  12.7;    9;   0.0;   4;    9.100;-999;   6.9;   9.6;  883.70;   10.3;   78.00;   14.0;    6.6;    5.7;eor
        722;20240823;   10;  30.5;  17.8;    9;   0.4;   6;    8.600;-999;   7.1;  11.3;  881.30;   14.2;   70.00;   18.4;   10.7;    9.3;eor
        722;20240824;   10;  28.7;  14.9;    9;   4.2;   6;   10.300;-999;   3.7;  14.6;  883.30;   17.1;   77.00;   21.7;   12.6;   12.5;eor
        722;20240825;   10;  25.5;  10.9;    9;   0.0;   6;    6.000;-999;   4.9;  10.5;  888.30;   10.4;   83.00;   14.3;    8.0;    3.8;eor
        722;20240826;   10;   9.8;   3.9;    9;   0.0;   0;   10.300;   0;   1.9;   8.5;  892.90;   11.5;   63.00;   15.2;    8.4;    2.6;eor
        722;20240827;   10;  16.0;   6.3;    9;   0.0;   0;   13.300;   0;   2.9;   9.5;  893.70;   13.8;   60.00;   17.6;   10.3;    2.2;eor
        722;20240828;   10;  14.4;   7.2;    9;   0.0;   0;   13.300;   0;   0.0;  14.4;  891.00;   17.6;   71.00;   21.0;   12.9;    9.8;eor
        722;20240829;   10;  15.2;   9.5;    9;   0.1;   6;   10.500;   0;   2.5;  15.2;  890.70;   19.9;   66.00;   23.6;   16.8;   11.5;eor
        722;20240830;   10;  10.7;   3.8;    9;   2.3;   6;    2.700;   0;   7.5;  14.9;  892.50;   15.4;   85.00;   20.7;   10.0;    9.2;eor
        722;20240831;   10;  11.4;   6.6;    9;   0.0;   0;    6.400;   0;   5.5;  10.3;  894.30;   10.9;   79.00;   14.0;    8.4;    8.0;eor
        722;20240901;   10;   9.6;   6.0;    9;   0.0;   0;   12.600;   0;   0.6;  12.7;  891.20;   15.0;   74.00;   18.3;   11.0;    9.7;eor
        722;20240902;   10;  10.6;   4.3;    9;   0.0;   0;   12.000;   0;   3.7;  14.4;  887.50;   17.9;   70.00;   22.4;   13.6;    7.5;eor
        722;20240903;   10;  10.9;   5.9;    9;   0.0;   0;   10.700;   0;   5.8;  15.4;  888.20;   18.5;   72.00;   21.3;   16.4;   13.8;eor
        722;20240904;   10;   9.9;   4.2;    9;   0.0;   0;    7.400;   0;   4.3;  15.9;  887.90;   19.4;   71.00;   23.4;   16.3;   14.2;eor
        722;20240905;   10;  21.9;  12.1;    9;   0.0;   0;   12.200;   0;   0.2;  12.7;  885.90;   18.9;   59.00;   21.7;   15.6;   14.3;eor
        722;20240906;   10;  16.1;   9.6;    9;   0.0;   0;   10.600;   0;   4.2;  10.4;  886.10;   17.2;   53.00;   20.6;   14.2;   11.8;eor
        722;20240907;   10;  14.4;   6.8;    9;   0.0;   0;   11.700;   0;   4.7;  11.3;  886.40;   18.8;   52.00;   22.4;   16.9;   13.4;eor
        722;20240908;   10;  11.4;   6.8;    9;  27.8;   6;    5.800;   0;   6.8;  13.2;  882.50;   17.1;   69.00;   21.9;   10.3;   10.6;eor
        722;20240909;   10;  15.8;   8.5;    9;  19.5;   6;    2.800;   0;   7.7;  11.7;  875.70;   10.5;   93.00;   14.2;    8.9;    8.9;eor
        722;20240910;   10;  26.5;  14.8;    9;  10.8;   4;    2.500;   0;   7.6;   9.7;  878.20;    7.1;   95.00;    9.4;    4.7;    5.4;eor
        722;20240911;   10;  29.4;  14.1;    9;   5.5;   6;    2.400;   0;   7.2;   8.4;  873.90;    4.8;   97.00;    7.5;    0.9;    0.5;eor
        722;20240912;   10;  12.9;   7.1;    9;   1.9;   6;    4.700;   0;   6.3;   6.7;  880.60;    2.5;   92.00;    5.9;    0.7;   -0.2;eor
        722;20240913;   10;  20.1;  10.6;    9;   1.1;   6;    0.000;   0;   7.8;   7.7;  887.30;    3.4;   98.00;    5.3;    2.0;    0.9;eor
        722;20240914;   10;  24.5;  16.3;    9;   0.2;   4;    4.200;   0;   7.3;   7.2;  891.90;    3.3;   93.00;    6.2;    1.6;    2.0;eor
        722;20240915;   10;  18.4;  14.3;    9;   0.0;   0;    5.600;   0;   6.5;   8.0;  891.20;    4.7;   94.00;    7.6;    2.7;    3.2;eor
        722;20240916;   10;  20.7;  13.5;    9;   1.8;   6;    0.100;   0;   7.8;   8.6;  890.60;    5.6;   93.00;    8.5;    3.7;    2.8;eor
        722;20240917;   10;  15.3;   8.9;    9;   0.5;   4;    6.400;   0;   6.5;  12.0;  896.10;   10.2;   96.00;   13.2;    8.3;    8.4;eor
        722;20240918;   10;  17.8;  10.8;    9;   0.0;   4;    9.000;   0;   6.0;  12.2;  897.60;   12.0;   87.00;   14.2;   10.3;    8.7;eor
        722;20240919;   10;  20.6;  10.6;    9;   4.0;   6;    5.500;   0;   5.0;  11.5;  895.00;   10.5;   90.00;   12.4;    8.1;    7.5;eor
        722;20240920;   10;  20.1;  10.8;    9;   0.0;   0;   11.600;   0;   0.8;  10.1;  893.60;   10.6;   79.00;   12.8;    8.5;    7.3;eor
        722;20240921;   10;  14.3;   8.6;    9;   0.0;   0;   11.600;   0;   0.0;  10.1;  891.90;   12.1;   72.00;   14.6;    9.9;    8.3;eor
        722;20240922;   10;   7.1;   3.2;    9;   0.0;   0;    7.300;   0;   3.8;  10.8;  887.50;   13.6;   69.00;   17.7;   11.9;    2.4;eor
        722;20240923;   10;  13.1;   6.1;    9;   2.9;   6;    6.000;   0;   7.9;  11.8;  881.40;   12.8;   80.00;   16.8;    9.9;    8.4;eor
        722;20240924;   10;  22.4;  11.4;    9;   9.6;   6;    0.400;   0;   7.6;  10.8;  875.30;    8.2;   99.00;   10.0;    7.2;    7.5;eor
        722;20240925;   10;  24.3;  14.5;    9;  14.8;   4;    0.000;   0;   7.7;  10.6;  875.00;    7.8;  100.00;    8.6;    6.2;    6.3;eor
        722;20240926;   10;  33.7;  20.4;    9;  12.6;   4;    0.000;   0;   7.8;  11.4;  865.30;    8.9;  100.00;   10.0;    7.6;    7.7;eor
        722;20240927;   10;  36.4;  22.5;    9;   7.8;   4;    0.600;   0;   7.5;   8.9;  867.80;    5.7;   97.00;    7.7;    4.2;    4.4;eor
        722;20240928;   10;  20.8;  11.2;    9;   2.5;   6;    1.400;   0;   7.6;   7.2;  883.30;    2.7;   97.00;    4.8;    1.3;    1.2;eor
        722;20240929;   10;  19.5;   7.4;    9;   0.0;   6;    2.400;   0;   7.6;   6.9;  893.00;    2.6;   93.00;    5.8;    0.9;    1.1;eor
        722;20240930;   10;  21.5;  13.5;    9;  15.4;   4;    1.600;   0;   7.8;   7.1;  884.40;    3.0;   93.00;    5.8;    0.6;    0.1;eor
        722;20241001;   10;  17.5;   9.7;    9;  19.8;   4;    0.000;   0;   7.8;   9.3;  878.20;    6.0;  100.00;    6.7;    5.3;    5.6;eor
        722;20241002;   10;  18.3;   6.9;    9;  23.9;   4;    0.000;   0;   7.8;   8.2;  878.70;    4.1;  100.00;    5.7;    1.3;    1.8;eor
        722;20241003;   10;  17.3;  10.5;    9;  21.0;   4;    0.000;   0;   8.0;   7.6;  883.90;    3.0;  100.00;    4.0;    2.1;    2.6;eor
        722;20241004;   10;  14.7;   8.9;    9;   0.3;   6;    0.900;   0;   7.9;   7.5;  886.90;    3.0;   99.00;    3.6;    1.9;    2.5;eor
        722;20241005;   10;  10.5;   5.4;    9;   0.2;   6;    0.200;   0;   7.8;   7.2;  886.30;    2.6;   98.00;    3.4;    1.9;    1.8;eor
        722;20241006;   10;  15.6;   8.4;    9;   1.4;   4;    4.300;   0;   5.6;   7.0;  879.70;    2.9;   93.00;    4.5;    1.4;   -0.4;eor
        722;20241007;   10;  23.3;  12.4;    9;   6.6;   6;    0.300;   0;   7.2;  10.3;  875.50;    7.6;   99.00;    9.6;    3.8;    3.0;eor
        722;20241008;   10;  20.5;  11.5;    9;  11.8;   6;    0.000;   0;   7.9;  12.0;  873.40;    9.6;  100.00;   10.5;    7.8;    8.0;eor
        722;20241009;   10;  29.5;  17.2;    9;  33.1;   4;    0.000;   0;   7.9;  10.6;  865.40;    7.9;  100.00;    9.1;    6.8;    7.0;eor
        722;20241010;   10;  38.0;  16.1;    9;  17.4;   8;    0.000;   0;   7.9;   9.7;  864.90;    6.3;  100.00;   11.1;    0.3;    0.3;eor
        722;20241011;   10;  13.4;   8.1;    9;   0.1;   8;    5.100;   0;   4.8;   6.2;  882.00;    1.3;   93.00;    3.9;    0.1;   -1.9;eor
        722;20241012;   10;  26.6;  12.7;    9;   5.5;   4;    5.800;   0;   5.2;   6.6;  881.30;    2.3;   92.00;    4.7;    0.2;   -1.9;eor
        722;20241013;   10;  34.6;  16.6;    9;   3.3;   8;    0.000;   0;   7.5;   7.0;  877.70;    1.9;   99.00;    5.3;   -0.1;    0.1;eor
        722;20241014;   10;  14.9;   5.6;    9;   0.0;   0;    2.100;   0;   7.2;   6.5;  885.30;    1.7;   95.00;    4.5;    0.1;   -4.3;eor
        722;20241015;   10;  19.3;   7.1;    9;   0.0;   6;    9.300;   0;   2.9;   6.3;  889.40;    2.3;   88.00;    6.0;    0.2;   -4.2;eor
        722;20241016;   10;  23.1;  14.4;    9;   0.0;   4;    9.800;   0;   5.1;   7.4;  886.60;    6.8;   75.00;   12.2;    2.1;    1.4;eor
        722;20241017;   10;  17.2;   9.6;    9;   0.0;   0;    5.200;   0;   7.0;  11.8;  885.70;   12.3;   82.00;   15.1;    9.0;    7.9;eor
        722;20241018;   10;   7.5;   3.7;    9;   0.7;   6;    4.500;   0;   7.7;  11.5;  885.50;   13.4;   75.00;   15.3;    9.1;    6.4;eor
        722;20241019;   10;  22.0;  13.3;    9;   2.5;   4;    0.000;   0;   8.0;  11.2;  885.90;    9.0;   98.00;   11.5;    7.8;    7.7;eor
        722;20241020;   10;  22.3;  12.6;    9;   1.8;   6;    7.200;   0;   6.9;  10.8;  889.90;    8.8;   96.00;   11.4;    7.2;    6.8;eor
        722;20241021;   10;  25.2;  13.2;    9;   2.7;   6;    0.000;   0;   8.0;  12.5;  892.10;   10.2;  100.00;   11.3;    8.4;    8.5;eor
        722;20241022;   10;  19.6;  11.5;    9;   0.8;   6;    1.900;   0;   7.5;   9.4;  894.00;    6.3;   97.00;   10.3;    3.9;    3.2;eor
        722;20241023;   10;   9.8;   4.3;    9;   0.0;   0;    5.900;   0;   3.7;   7.9;  900.70;    5.8;   86.00;   11.0;    3.0;    0.4;eor
        722;20241024;   10;  17.3;  10.1;    9;   0.7;   4;    9.200;   0;   2.9;   7.8;  894.80;    7.3;   75.00;   11.4;    5.5;    1.8;eor
        722;20241025;   10;  17.8;   9.9;    9;   0.4;   4;    8.400;   0;   3.1;  10.4;  889.90;    9.6;   87.00;   12.3;    5.6;    5.2;eor
        722;20241026;   10;  13.4;   6.9;    9;   0.0;   0;    9.700;   0;   5.3;  10.7;  889.50;   11.3;   80.00;   13.7;    9.3;    3.8;eor
        722;20241027;   10;  19.5;  10.9;    9;   3.5;   6;    0.100;   0;   7.0;   9.7;  888.90;    8.8;   87.00;   13.8;    5.2;    4.3;eor
        722;20241028;   10;  19.6;  13.0;    9;   2.4;   6;    0.000;   0;   7.9;  10.4;  891.70;    7.4;  100.00;    8.5;    4.9;    5.2;eor
        722;20241029;   10;  18.5;   9.7;    9;   6.3;   6;    0.000;   0;   8.0;  10.2;  892.40;    7.2;  100.00;    8.3;    5.3;    5.1;eor
        722;20241030;   10;  13.0;   6.8;    9;   6.5;   6;    0.000;   0;   7.8;   9.6;  894.10;    6.4;  100.00;    7.5;    4.8;    4.9;eor
        722;20241031;   10;  16.0;   8.2;    9;   0.1;   4;    1.200;   0;   5.7;   8.1;  893.90;    6.1;   88.00;    9.9;    4.5;    3.9;eor
        722;20241101;    3;  19.0;  12.9;    3;   5.7;   6;    8.900;   0;   2.6;   8.3;  890.30;    8.3;   78.00;   12.2;    3.3;    3.5;eor
        722;20241102;    3;  17.6;   5.7;    3;   0.2;   4;    2.900;   0;   5.5;   5.0;  895.20;    1.8;   73.00;    5.3;   -2.2;   -7.4;eor
        722;20241103;    3;   9.4;   4.2;    3;   0.0;   0;    8.800;   0;   4.2;   0.8;  896.40;    8.4;    7.00;   12.9;    4.2;   -5.7;eor
        722;20241104;    3;   8.5;   4.3;    3;   0.0;   0;    9.300;   0;   1.1;   7.0;  896.10;    9.7;   59.00;   13.5;    6.9;    1.2;eor
        722;20241105;    3;   8.0;   5.0;    3;   0.0;   0;    7.200;   0;   5.1;   7.0;  893.10;    9.3;   60.00;   12.3;    7.6;    2.3;eor
        722;20241106;    3;   8.4;   5.3;    3;   0.0;   0;    9.000;   0;   4.0;   7.1;  895.60;    7.2;   70.00;    8.3;    5.2;   -0.2;eor
        722;20241107;    3;  10.3;   6.6;    3;   0.0;   0;    9.300;   0;   0.3;   4.4;  897.90;    7.0;   44.00;    8.6;    5.5;   -0.3;eor
        722;20241108;    3;  14.6;   8.9;    3;   0.6;   4;    0.500;   0;   5.0;   5.0;  893.80;    1.1;   80.00;    7.3;   -1.7;   -1.8;eor
        722;20241109;    3;  10.6;   7.3;    3;   0.0;   0;    8.400;   0;   2.0;   6.6;  892.70;    8.2;   61.00;   11.0;    5.2;   -0.4;eor
        722;20241110;    3;  13.1;   7.2;    3;   0.5;   4;    7.100;   0;   3.3;   8.1;  893.70;    6.7;   83.00;   11.0;    3.0;    3.1;eor
        722;20241111;    3;  14.3;   7.2;    3;   4.7;   8;    0.000;   0;   8.0;   6.7;  891.80;    1.3;   99.00;    3.0;    0.1;    0.2;eor
        722;20241112;    3;  18.7;   9.8;    3;   0.9;   8;    0.000;   0;   7.9;   5.9;  894.90;   -0.3;   99.00;    1.4;   -1.6;   -1.1;eor
        722;20241113;    3;  16.4;   8.1;    3;  10.0;   8;    0.000;   0;   7.9;   5.9;  893.80;   -0.3;   99.00;    1.7;   -1.3;   -1.1;eor
        722;20241114;    3;  19.3;  12.1;    3;   5.4;   4;    0.000;   0;   8.0;   7.0;  889.50;    1.8;  100.00;    3.4;    0.4;    0.6;eor
        722;20241115;    3;  16.9;   8.6;    3;   0.0;   0;    1.800;   0;   6.7;   5.7;  890.30;    2.2;   84.00;    8.6;   -0.1;   -1.3;eor
        722;20241116;    3;  20.7;  12.2;    3;   2.3;   4;    0.000;   0;   6.5;   5.1;  882.70;   -0.5;   90.00;    9.4;   -2.2;   -2.5;eor
        722;20241117;    3;  26.3;  15.5;    3;  11.8;   8;    0.000;   0;   8.0;   5.4;  873.70;   -1.5;   98.00;   -0.3;   -3.1;   -2.6;eor
        722;20241118;    3;  22.5;  13.6;    3;   3.3;   7;    0.100;  11;   7.8;   4.6;  873.10;   -3.3;   96.00;   -2.7;   -3.8;   -3.5;eor
        722;20241119;    3;  39.8;  16.6;    3;  33.6;   4;    0.000;  14;   7.9;   5.4;  860.80;   -1.7;   98.00;    3.4;   -5.6;   -2.5;eor
        722;20241120;    3;  25.3;  15.3;    3;   5.3;   7;    0.000;  26;   8.0;   4.1;  862.20;   -4.9;   96.00;   -4.0;   -5.5;    0.0;eor
        722;20241121;    3;  21.1;  13.6;    3;   1.0;   7;    0.000;  29;   7.8;   3.5;  861.80;   -6.5;   94.00;   -5.3;   -7.4;   -0.6;eor
        722;20241122;    3;  29.1;  15.7;    3;   4.8;   7;    0.000;  29;   7.5;   3.7;  864.60;   -5.9;   94.00;   -4.3;   -8.5;   -5.8;eor
        722;20241123;    3;  38.7;  17.7;    3;   4.6;   8;    0.000;  28;   7.4;   4.1;  879.60;   -4.5;   95.00;   -1.5;   -6.2;   -3.0;eor
        722;20241124;    3;  43.7;  26.0;    3;   0.0;   4;    1.500;  28;   7.9;   7.5;  878.20;    4.2;   91.00;    9.2;   -1.6;   -0.5;eor
        722;20241125;    3;  43.1;  23.2;    3;   2.2;   6;    2.200;   1;   6.5;   7.5;  876.40;    6.8;   76.00;    9.1;    2.9;    3.0;eor
        722;20241126;    3;  19.9;  12.8;    3;   2.1;   8;    0.500;   0;   7.8;   6.6;  883.30;    1.2;   99.00;    3.0;    0.4;    0.3;eor
        722;20241127;    3;  40.0;  16.3;    3;  15.7;   4;    0.000;   0;   7.9;   6.6;  881.70;    1.1;  100.00;    3.6;   -0.8;   -0.7;eor
        722;20241128;    3;  39.6;  19.0;    3;   8.0;   8;    0.000;   0;   7.9;   5.4;  880.90;   -1.4;   99.00;   -0.8;   -2.2;   -2.1;eor
        722;20241129;    3;  12.4;   5.7;    3;   0.0;   0;    4.300;   0;   4.4;   4.2;  895.60;   -1.5;   78.00;    2.3;   -3.9;   -5.7;eor
        722;20241130;    3;  12.3;   9.1;    3;   0.0;   0;    8.200;   0;   4.5;   2.5;  895.30;    3.5;   32.00;    5.3;    1.4;   -4.5;eor
        722;20241201;    3;  23.5;  10.4;    3;   0.8;   4;    7.850;   0;   1.7;   2.6;  889.19;    5.3;   29.38;    7.2;    3.7;   -1.6;eor
        722;20241202;    3;  24.3;  16.9;    3;   3.8;   8;    0.833;   0;   7.9;   7.1;  881.11;    2.2;   98.96;    5.0;    0.4;    0.5;eor
        722;20241203;    3;  17.6;  11.2;    3;   6.5;   8;    0.000;   0;   8.0;   5.6;  880.63;   -1.2;   99.75;    0.5;   -3.1;   -2.8;eor
        722;20241204;    3;  16.5;   9.5;    3;   1.6;   8;    0.000;   0;   8.0;   4.7;  886.71;   -3.1;   97.54;   -2.5;   -4.0;   -3.3;eor
        722;20241205;    3;  29.5;  15.1;    3;   7.7;   8;    0.017;   0;   7.8;   4.3;  882.49;   -4.1;   95.54;   -2.6;   -5.0;   -5.7;eor
        722;20241206;    3;  31.5;  17.4;    3;  15.5;   8;    0.000;   0;   8.0;   5.9;  869.71;   -0.5;   98.83;    0.9;   -2.6;   -2.4;eor
        722;20241207;    3;  25.9;  16.3;    3;   2.5;   8;    0.000;   2;   8.0;   5.4;  869.62;   -1.5;   98.38;   -0.1;   -3.4;   -2.7;eor
        722;20241208;    3;  19.9;   9.9;    3;   5.3;   8;    2.133;   2;   7.4;   5.2;  875.75;   -1.9;   97.25;   -0.7;   -3.9;   -3.1;eor
        722;20241209;    3;  19.9;  13.7;    3;   8.0;   8;    0.000;   4;   8.0;   4.6;  886.24;   -3.3;   96.08;   -1.8;   -4.5;   -2.5;eor
        722;20241210;    3;  20.0;  12.6;    3;   0.3;   4;    0.000;   8;   7.0;   4.8;  891.60;   -2.8;   96.08;   -1.7;   -4.2;   -1.4;eor
        722;20241211;    3;  12.0;   7.0;    3;   0.0;   0;    2.817;   8;   5.8;   3.7;  893.14;   -2.6;   73.42;   -0.5;   -4.5;   -2.3;eor
        722;20241212;    3;   7.6;   3.3;    3;   0.0;   0;    2.900;   8;   5.6;   4.5;  893.81;    0.5;   70.71;    2.9;   -1.4;   -1.8;eor
        722;20241213;    3;  13.4;   6.9;    3;   0.0;   4;    7.833;   8;   0.2;   3.8;  891.51;    0.1;   61.17;    2.3;   -2.5;   -2.6;eor
        722;20241214;    3;  22.7;  13.0;    3;   4.3;   8;    0.000;   8;   8.0;   4.0;  880.54;   -4.3;   90.13;    1.5;   -7.3;   -2.9;eor
        722;20241215;    3;  30.2;  17.2;    3;   5.5;   4;    0.000;  22;   8.0;   5.5;  885.48;   -1.3;   97.63;    2.0;   -3.0;   -1.1;eor
        722;20241216;    3;  36.9;  24.1;    3;   5.7;   4;    0.000;  23;   8.0;   7.2;  888.66;    2.3;  100.00;    3.5;    0.6;    0.0;eor
        722;20241217;    3;  28.6;  15.5;    3;   1.3;   8;    0.000;  14;   8.0;   6.5;  890.13;    0.8;   99.88;    2.2;   -0.4;   -0.5;eor
        722;20241218;    3;  36.6;  21.7;    3;   6.5;   4;    0.883;  12;   7.8;   6.8;  879.92;    2.6;   92.38;    3.9;    0.1;   -0.3;eor
        722;20241219;    3;  36.5;  20.1;    3;  23.6;   4;    0.000;   1;   7.9;   7.3;  867.00;    2.2;   99.75;    5.6;   -3.0;   -2.7;eor
        722;20241220;    3;  24.9;  15.4;    3;   2.0;   8;    0.000;   0;   7.9;   4.7;  878.73;   -3.3;   97.13;   -2.6;   -4.4;   -4.3;eor
        722;20241221;    3;  31.7;  20.4;    3;  13.4;   8;    0.000;   0;   8.0;   5.3;  875.93;   -1.7;   97.58;    0.0;   -4.2;   -4.0;eor
        722;20241222;    3;  33.4;  16.2;    3;   6.1;   8;    0.000;   1;   8.0;   5.1;  864.15;   -2.2;   97.38;    0.0;   -4.1;   -2.3;eor
        722;20241223;    3;  23.9;  14.1;    3;   4.3;   8;    0.000;  15;   8.0;   4.5;  873.61;   -3.5;   96.13;   -2.1;   -4.8;   -2.9;eor
        722;20241224;    3;  20.4;   9.7;    3;   0.4;   4;    0.800;  20;   7.8;   4.8;  888.84;   -2.8;   96.50;   -0.8;   -3.7;   -1.9;eor
        722;20241225;    3;  10.9;   6.0;    3;   1.2;   4;    4.850;  18;   6.3;   8.1;  898.43;    3.8;   99.46;    7.3;   -0.8;   -1.0;eor
        722;20241226;    3;   4.2;   2.2;    3;   0.0;   0;    7.717;  13;   0.7;   9.5;  901.95;    7.6;   91.29;   10.2;    5.8;   -3.2;eor
        722;20241227;    3;   5.8;   3.1;    3;   0.0;   0;    7.467;  12;   5.7;   5.1;  899.77;    7.8;   48.71;    8.8;    6.3;   -4.4;eor
        722;20241228;    3;   8.7;   3.4;    3;   0.0;   0;    7.817;  12;   0.4;   0.7;  895.49;    8.4;    6.50;   13.1;    6.1;   -4.2;eor
        722;20241229;    3;  16.9;   9.6;    3;   0.1;   4;    7.867;  12;   2.7;   3.2;  891.81;    4.2;   41.71;    6.4;   -0.7;   -3.0;eor
        722;20241230;    1;  22.2;  15.2;    1;   0.0;   0;    7.500;  12;   3.4;   3.9;  891.12;    2.4;   54.96;    5.7;   -1.2;   -3.6;eor
        722;20241231;    1;  32.5;  18.2;    1;   0.8;   4;    7.683;  11;   3.0;   3.7;  887.53;    0.9;   60.58;    5.5;   -4.9;   -5.4;eor
        722;20250101;    1;  41.9;  27.7;    1;   5.6;   4;    0.000;  12;   8.0;   5.1;  874.65;   -2.1;   96.83;   -0.4;   -3.3;   -3.1;eor
        722;20250102;    1;  37.4;  14.1;    1;   1.5;   4;    0.000;  17;   7.6;   4.5;  874.23;   -3.6;   95.67;   -0.4;   -5.2;   -3.7;eor
        722;20250103;    1;  31.5;  16.4;    1;   3.5;   4;    0.000;  17;   7.9;   3.6;  876.60;   -6.2;   93.96;   -5.1;   -7.2;   -4.9;eor
        722;20250104;    1;  17.6;   9.7;    1;   0.1;   7;    0.000;  26;   7.8;   3.5;  880.82;   -6.5;   93.46;   -5.6;   -7.2;   -6.1;eor
        722;20250105;    1;  35.0;  16.8;    1;  28.6;   4;    0.000;  28;   7.9;   4.7;  866.95;   -3.7;   94.75;    3.9;   -8.2;   -6.4;eor
        722;20250106;    1;  44.4;  26.4;    1;   3.5;   4;    0.067;  14;   7.4;   7.0;  858.32;    2.7;   93.67;    5.1;   -1.9;   -1.8;eor
        722;20250107;    1;  31.1;  18.9;    1;  10.7;   4;    0.000;   4;   7.8;   4.5;  863.88;   -3.6;   96.08;   -1.6;   -5.2;   -5.1;eor
        722;20250108;    1;  26.3;  15.1;    1;   5.0;   7;    0.033;   5;   7.5;   4.0;  867.25;   -5.1;   94.96;   -4.4;   -5.7;   -5.5;eor
        722;20250109;    1;  26.1;  12.4;    1;  20.2;   8;    0.000;  10;   7.9;   4.5;  864.70;   -3.8;   95.96;   -0.2;   -6.1;   -4.4;eor
        722;20250110;    1;  27.8;  16.2;    1;   3.3;   7;    0.000;-999;   8.0;   3.8;  876.27;   -5.6;   95.13;   -5.2;   -6.2;   -1.7;eor
        722;20250111;    1;  24.0;  13.6;    1;   1.3;   7;    0.000;-999;   7.9;   3.4;  883.51;   -7.1;   93.42;   -5.6;   -8.2;   -6.3;eor
        722;20250112;    1;  20.5;  14.0;    1;   0.5;   7;    5.800;-999;   4.8;   2.9;  894.75;   -8.1;   88.33;   -7.0;   -8.9;   -1.8;eor
        722;20250113;    1;  14.1;   6.8;    1;   0.0;   0;    7.017;-999;   3.7;   1.6;  901.80;   -2.2;   32.17;    1.6;   -8.7;   -2.5;eor
        722;20250114;    1;  22.9;  13.9;    1;   5.0;   4;    0.250;  50;   7.3;   2.8;  895.48;   -0.2;   46.50;    1.6;   -2.0;   -2.6;eor
        722;20250115;    1;  19.5;   9.2;    1;   0.7;   4;    6.217;  47;   4.1;   5.5;  894.76;    0.0;   90.92;    1.5;   -1.5;   -0.9;eor
        722;20250116;    1;   6.1;   3.7;    1;   0.0;   0;    8.350;  46;  -999;   3.8;  900.19;    3.4;   50.13;    7.7;    0.6;   -3.3;eor
        722;20250117;    1;   5.2;   2.3;    1;   0.0;   0;    8.417;  45;   1.2;   2.1;  901.24;    5.8;   22.54;    8.8;    3.1;   -4.5;eor
        722;20250118;    1;  11.9;   7.5;    1;   0.0;   0;    8.433;  45;   0.0;   2.2;  897.60;    8.5;   20.00;   10.2;    6.3;   -3.7;eor
        722;20250119;    1;  15.4;  10.9;    1;   0.0;   0;    8.500;  42;   0.0;   4.2;  890.42;    8.6;   37.29;   10.1;    6.7;   -0.1;eor
        722;20250120;    1;  15.9;   9.2;    1;   0.0;   0;    7.900;  37;   4.5;   3.5;  883.81;    3.8;   43.63;    8.2;    0.0;   -3.5;eor
        722;20250121;    1;  14.6;  10.9;    1;   0.0;   0;    7.500;  37;   4.3;   4.4;  882.42;    1.4;   66.33;    3.7;    0.0;   -2.9;eor
        722;20250122;    1;  27.2;  15.5;    1;   4.5;   8;    4.450;  37;   8.0;   4.0;  875.35;    1.1;   61.04;    3.0;   -1.3;   -3.1;eor
        722;20250123;    1;  28.8;  18.2;    1;   7.1;   8;    0.000;  36;   7.9;   5.1;  869.19;   -2.3;   98.17;    1.1;   -4.4;   -2.9;eor
        722;20250124;    1;  34.1;  20.7;    1;   7.3;   4;    0.000;  36;   8.0;   5.7;  871.98;   -0.9;   98.29;    2.0;   -3.3;   -2.3;eor
        722;20250125;    1;  39.5;  18.5;    1;  19.3;   4;    0.067;  31;   7.9;   7.3;  872.40;    2.7;   98.04;    4.2;   -0.8;   -0.4;eor
        722;20250126;    1;  29.5;  15.4;    1;   6.9;   8;    0.000;  21;   7.8;   5.8;  871.29;   -0.7;   99.58;    2.1;   -3.8;   -3.8;eor
        722;20250127;    1;  32.4;  20.9;    1;  14.9;   4;    0.000;  20;   7.8;   6.7;  863.79;    1.2;   99.75;    3.2;   -2.6;   -2.4;eor
        722;20250128;    1;  27.7;  16.0;    1;   0.8;   8;    0.000;  13;   7.8;   6.1;  864.54;    0.0;  100.00;    1.2;   -0.8;   -1.0;eor
        722;20250129;    1;  30.0;  17.6;    1;   4.0;   8;    0.000;  12;   7.9;   5.8;  869.05;   -0.7;   99.54;    0.0;   -1.7;   -2.1;eor
        722;20250130;    1;  20.8;  12.7;    1;   8.5;   8;    0.000;  13;   8.0;   5.6;  879.39;   -1.1;   98.46;   -0.1;   -3.3;   -2.1;eor
        722;20250131;    1;  18.3;  10.6;    1;   0.0;   7;    0.217;  19;   7.2;   4.2;  889.28;   -4.2;   95.00;   -2.9;   -5.1;   -5.2;eor
        722;20250201;    1;   8.5;   3.5;    1;   0.0;   0;    1.450;  17;   4.5;   4.1;  894.14;   -4.8;   94.83;   -1.2;   -7.6;   -9.2;eor
        722;20250202;    1;   8.1;   4.5;    1;   0.0;   0;    5.683;  17;   5.1;   3.4;  889.25;   -6.3;   88.71;   -1.5;   -8.0;   -8.3;eor
        722;20250203;    1;  10.0;   6.2;    1;   0.0;   0;    9.250;  17;   3.2;   2.3;  890.55;   -2.9;   46.33;    0.6;   -6.6;   -7.4;eor
        722;20250204;    1;  15.9;   7.2;    1;   0.3;   4;    9.283;  17;   1.9;   2.8;  891.87;   -0.1;   45.21;    2.7;   -2.4;   -7.9;eor
        722;20250205;    1;  20.4;  10.5;    1;   0.5;   8;    5.700;  16;   5.5;   4.8;  898.15;   -1.2;   86.25;    1.4;   -3.4;   -6.4;eor
        722;20250206;    1;  20.1;   8.6;    1;   1.8;   8;    0.000;  16;   7.9;   4.7;  901.85;   -3.1;   97.54;   -2.3;   -4.3;   -3.1;eor
        722;20250207;    1;  25.2;  15.9;    1;   0.5;   7;    0.000;  17;   8.0;   3.9;  893.15;   -5.3;   94.63;   -4.3;   -5.8;   -4.2;eor
        722;20250208;    1;  16.1;   7.4;    1;   0.0;   0;    8.133;  18;   4.8;   4.2;  889.95;   -0.9;   75.00;    4.1;   -6.0;   -5.0;eor
        722;20250209;    1;  12.2;   7.4;    1;   0.0;   0;    4.517;  18;   4.5;   3.4;  892.07;   -1.7;   67.42;    3.3;   -6.2;   -4.7;eor
        722;20250210;    1;  25.3;  10.9;    1;   0.0;   4;    5.450;  18;   6.8;   3.9;  890.69;   -4.4;   88.58;   -2.6;   -6.0;   -4.9;eor
        722;20250211;    1;  22.0;  12.9;    1;   1.5;   8;    0.000;  17;   7.6;   3.7;  886.86;   -3.8;   80.42;   -2.0;   -5.7;   -4.7;eor
        722;20250212;    1;   9.7;   5.5;    1;   0.6;   8;    0.000;  17;   7.7;   5.0;  882.68;   -2.2;   96.71;   -0.6;   -4.5;   -1.6;eor
        722;20250213;    1;  14.8;   8.2;    1;   4.5;   7;    0.000;  18;   7.9;   3.5;  880.07;   -6.6;   94.04;   -3.9;   -9.0;   -2.4;eor
        722;20250214;    1;  18.4;   8.4;    1;   0.7;   8;    0.000;  19;   7.9;   3.3;  886.65;   -7.2;   93.21;   -6.6;   -8.0;   -2.5;eor
        722;20250215;    1;   8.0;   3.1;    1;   1.1;   7;    0.000;  20;   7.7;   3.2;  886.26;   -7.8;   93.17;   -5.0;  -10.3;   -2.9;eor
        722;20250216;    1;  12.6;   6.0;    1;   1.8;   7;    0.000;  19;   7.5;   3.0;  884.86;   -8.4;   92.88;   -5.8;  -10.8;   -3.0;eor
        722;20250217;    1;  10.4;   5.4;    1;   0.0;   7;    7.883;  22;   3.0;   2.4;  886.36;  -10.6;   87.83;   -5.5;  -12.1;   -3.6;eor
        722;20250218;    1;  15.7;   8.3;    1;   0.0;   0;    9.900;  22;   0.0;   1.9;  889.32;  -10.1;   69.08;   -7.0;  -12.6;   -4.1;eor
        722;20250219;    1;  18.6;  13.2;    1;   0.0;   7;    9.950;  19;   0.0;   1.9;  889.26;   -7.7;   56.04;   -2.2;  -10.1;   -5.2;eor
        722;20250220;    1;  16.3;   9.8;    1;   1.8;   6;    4.333;  17;   6.3;   5.4;  889.13;    0.6;   80.13;    4.8;   -5.0;   -4.4;eor
        722;20250221;    1;  20.1;   8.5;    1;   0.2;   4;    3.317;  11;   7.9;   8.6;  889.82;    5.1;   97.96;    6.8;    2.5;    0.0;eor
        722;20250222;    1;  25.7;  17.7;    1;   2.0;   6;    5.033;   4;   8.0;   6.8;  885.30;    5.1;   76.96;    9.3;    2.8;    2.1;eor
        722;20250223;    1;  19.1;  10.0;    1;   0.2;   4;    4.450;   0;   5.4;   6.9;  892.45;    3.0;   91.50;    5.0;    1.7;    0.0;eor
        722;20250224;    1;  27.9;  17.9;    1;   3.3;   4;    0.050;   0;   7.9;   7.0;  886.55;    2.5;   95.88;    3.4;    1.4;    1.1;eor
        722;20250225;    1;  18.0;   6.8;    1;   3.3;   8;    3.767;   0;   7.3;   6.7;  881.49;    2.2;   93.42;    5.0;    0.6;   -2.7;eor
        722;20250226;    1;  17.6;   6.2;    1;   5.0;   8;    0.000;   0;   7.3;   6.1;  880.40;    0.3;   97.71;    2.5;   -2.3;   -3.3;eor
        722;20250227;    1;  20.4;  10.2;    1;   3.4;   8;    0.083;   0;   7.3;   5.0;  880.91;   -2.3;   97.67;   -1.1;   -2.9;   -4.5;eor
        722;20250228;    1;  13.6;   5.8;    1;   5.6;   8;    0.000;   3;   7.7;   5.0;  886.25;   -2.5;   97.29;   -1.7;   -3.2;   -2.8;eor
        722;20250301;    1;  11.9;   7.1;    1;   0.0;   7;    0.483;   3;   7.3;   4.6;  893.85;   -3.3;   95.79;   -2.3;   -4.8;   -6.0;eor
        722;20250302;    1;   9.5;   5.8;    1;   0.0;   0;   10.617;   3;   1.8;   3.9;  896.35;   -2.4;   76.83;    2.1;   -5.1;   -7.8;eor
        722;20250303;    1;  11.1;   8.1;    1;   0.0;   0;   10.667;   0;   2.9;   2.0;  893.43;    0.8;   30.63;    5.0;   -2.3;   -7.8;eor
        722;20250304;    1;  11.5;   7.7;    1;   0.0;   0;   10.183;   0;   6.0;   1.9;  891.70;    3.6;   24.79;    8.1;    0.0;   -6.3;eor
        722;20250305;    1;  14.7;   8.7;    1;   0.0;   0;   11.050;   0;   1.1;   2.5;  891.15;    6.5;   26.46;   10.9;    2.8;   -1.8;eor
        722;20250306;    1;  14.9;  10.8;    1;   0.0;   0;   11.017;   0;   1.5;   4.1;  887.93;    6.0;   43.42;    9.2;    3.1;    0.2;eor
        722;20250307;    1;  12.9;   7.5;    1;   0.0;   0;   10.167;   0;   3.9;   4.1;  887.44;    7.6;   39.04;   11.2;    5.7;    0.5;eor
        722;20250308;    1;  13.1;   6.2;    1;   0.0;   0;   10.450;   0;   3.0;   4.8;  884.09;    6.7;   48.88;    9.9;    4.3;   -2.0;eor
        722;20250309;    1;  10.2;   4.4;    1;   0.0;   0;   10.583;   0;   0.8;   5.3;  876.60;    6.9;   53.08;   11.3;    4.7;   -3.3;eor
        722;20250310;    1;   8.8;   4.1;    1;   0.0;   0;   10.817;   0;   1.1;   4.3;  871.25;    6.0;   47.21;   11.1;    2.8;   -4.7;eor
        722;20250311;    1;  11.6;   6.9;    1;   0.7;   8;    9.050;   0;   5.1;   5.0;  869.31;    2.4;   70.50;    6.7;   -2.6;   -2.4;eor
        722;20250312;    1;  12.0;   5.1;    1;   0.0;   0;    2.300;   0;   7.5;   4.5;  866.55;   -2.7;   90.17;    2.0;   -4.2;   -6.5;eor
